T1-T1(Misaligned) Mutual Information:
Average: 0.7937363727891946
Variance: 0.014021238862420732
Standard Deviation: 0.11841131222320245

T2-T1(Misaligned) Mutual Information:
Average: 0.5781054551010453
Variance: 0.0054090268948574095
Standard Deviation: 0.07354608687657971

T1-T1 Values: 0.6901535883616458, 0.7242912225509792, 0.7410773975508025, 0.67159472545097, 0.6592639825691518, 0.7635616510522598, 0.7604693787981663, 0.8357586583364827, 0.7465733532962615, 0.7681706862087846, 0.7677913485046445, 0.7778367891370769, 0.7548264791622024, 0.7618815163539231, 0.8288887872111123, 0.8360205384063614, 0.9164177673105246, 0.9125810431454168, 0.857400661094735, 0.8644475651547187, 0.8822573557741622, 0.8398752428556652, 0.8405891891714039, 0.8501571672760568, 0.8526400335073581, 0.8435856069589007, 0.8434089591473934, 0.8342099339785316, 0.8411127434502348, 0.8406994558522967, 0.8625193131217259, 0.8502465614777243, 0.8637593946362024, 0.8734598057277989, 0.88722521243855, 0.9047646876047593, 0.9055532433046687, 0.9161477206322761, 0.9157002563989864, 0.9070680728385946, 0.9164616146666414, 0.9259448297952565, 0.9137717039538573, 0.9059849224810104, 0.925609418085027, 0.9092450096361071, 0.9086838517283033, 0.9356539202368683, 0.9241282339672543, 0.9386608366086698, 0.9635692069859677, 0.9449469062848361, 0.9438052997077884, 0.9333680958294877, 0.990119280934061, 0.9565276240143327, 0.9420308659461359, 0.9545513535275164, 0.9579066097726525, 0.9878844265286096, 0.9803486143957243, 0.9474979575601137, 0.929188322252184, 0.9679022509926146, 0.9037152645598445, 0.9137730605698995, 0.912778940907389, 0.9122527845248481, 0.9570656608993169, 0.82888085780179, 0.8327325263324116, 0.8055953377697848, 0.7889293229648945, 0.7829948158107876, 0.8556083444042897, 0.8501036672421206, 0.8262895286332532, 0.8552821695502096, 0.7846495622176856, 0.6869648278913055, 0.7280114940282248, 0.7216199217086692, 0.6868368459396716, 0.7091080853805158, 0.6947387519357348, 0.6522022065737512, 0.6368765517086606, 0.6733533180403768, 0.5901513004332872, 0.5975299663289493, 0.5634213606199238, 0.8612522844628274, 0.867260511976649, 0.7905641580474352, 0.7856936924966873, 0.7650107514591802, 0.7499323461767686, 0.7640512860033633, 0.7875618910221882, 0.842506512638824, 0.8004673320295597, 0.8027029279059497, 0.8033414844215919, 0.8178552436968112, 0.8180619048108035, 0.8429970243231161, 0.8580982185024455, 0.8689695006134543, 0.8602730286881504, 0.8709909084575841, 0.8808083907070162, 0.9074545636264431, 0.8984777399158073, 0.8725766838025137, 0.8986483856621944, 0.878881021673565, 0.899075152871934, 0.8666855048186273, 0.8477145315358339, 0.8356553923335509, 0.8383318656539711, 0.8439461713684222, 0.8561500977555723, 0.8555619485141305, 0.8792501018199586, 0.8839026702569821, 0.8967345328082965, 0.9324899110475506, 0.9333984385132946, 0.927904189966517, 0.966312214999473, 0.9324207449434463, 0.9350265351583468, 0.956777898153597, 0.9578605062176634, 0.9481672977684376, 0.9513845879162917, 0.9503974570954749, 0.9474428678015374, 0.9395966774156655, 0.9511295059152535, 0.9439153344615785, 0.9421823679030251, 0.9479899203216169, 0.9456565093806694, 0.9366454950622548, 0.9331305044296963, 0.927054017679285, 0.9225994609931893, 0.924628200321568, 0.894685196420893, 0.9162061373248966, 0.9405179633205217, 0.9149470694868791, 0.9235028276848597, 0.9103922356648849, 0.8975511899169888, 0.920936545452776, 0.8819175214453439, 0.8751657633070706, 0.9108492111502233, 0.813015154662134, 0.8350418879561303, 0.8726437836786421, 0.8168619419710644, 0.8166065010716803, 0.807558250558098, 0.7842666489464176, 0.7933759961672741, 0.7320261819766007, 0.857522396100322, 0.7647594410327199, 0.7242576026790561, 0.7123282401464505, 0.6947548582052971, 0.6810454674062448, 0.6533647896113514, 0.6492429299679037, 0.6286187698567467, 0.6186966760729086, 0.5952588592127016, 0.5750678496932169, 0.9120101341051494, 0.7154398430743196, 0.7463068262064886, 0.7391280393516391, 0.7970821942226795, 0.7362370239692302, 0.7482197783739862, 0.7558208134750171, 0.7937585631390476, 0.7900143841349425, 0.7897378230984115, 0.7689158344050406, 0.8017698763275314, 0.7793321781344783, 0.8276833313561127, 0.8185690524146748, 0.8370810469913714, 0.8793991137143805, 0.8363919962243153, 0.8539454020487546, 0.8817399780799383, 0.9169220147652142, 0.9185314776791751, 0.9508149010441944, 0.9555384644646673, 0.9391545860382783, 0.9858404706280546, 0.9722072640833483, 0.9688691801332194, 0.9726212873132221, 0.9539010797957743, 0.9945167082721442, 0.9841460191810898, 0.9941721092721822, 1.0881989870222322, 1.0880778220920209, 1.160787714396188, 1.079018960074818, 1.1357413318339205, 1.0831300267093051, 1.0689013179254605, 1.1246307633674908, 1.1431243925244245, 1.1832923923392706, 1.1967917357400815, 1.2077283849972318, 1.0647639143189196, 1.027999778885538, 1.056923830273278, 1.0164393771802935, 0.993752173083737, 1.0130989969515203, 0.9932514157470528, 0.9790389396102896, 1.0010496991184508, 0.9717245543786288, 1.121528201287561, 1.20789382225093, 0.9357603674980508, 0.9878269783921569, 0.9447592120727306, 0.8913091335659068, 0.9221249636850624, 0.8872959605396762, 0.8817538108466827, 0.9548247231379363, 0.8532671815705527, 0.8132259747334944, 0.815749826490147, 0.8173018862281999, 1.0132211005812346, 0.7883105703915719, 0.8092203000172256, 0.8002156204940327, 0.7736801344939825, 0.7491913660772214, 0.7825256216236232, 0.7108845015150883, 0.690320539630329, 0.6671339095030628, 0.6270852875250482, 0.6244899538387476, 0.5836844251191352, 0.5383168154864113, 0.5071254944920901, 0.4921815090012055, 0.47932503841288604, 0.44919692718796345, 0.43177664241286184, 0.3841410318645456, 0.3689750869877728, 0.8064758545032282, 0.7396247995769185, 0.7322087263265485, 0.7253203881006342, 0.7386039610781028, 0.7350078593373164, 0.7588743469020752, 0.7508012560442204, 0.7775625887053753, 0.7708418267640622, 0.8339401446580342, 0.8320695907844886, 0.8638847676071391, 0.9456939777367512, 0.8686512536356072, 0.8438268396245622, 0.8553722792194429, 0.8496777256449422, 0.8635140930703459, 0.8890802271260909, 0.8973597907386306, 0.906828088753538, 0.9171055287724914, 0.9476152894717434, 0.9452421107186603, 0.958132710315962, 0.9344517291663488, 0.970148258039575, 0.963026090926697, 0.9723418922520095, 0.9960099343913509, 1.0056164340591007, 1.024919186365931, 1.0615074083861342, 1.0642360015796057, 1.1031968236226228, 1.0825277324294786, 1.1105914700756856, 1.102328062955866, 1.0980963117886247, 1.1635224630270495, 1.170237638510104, 1.1878800421788607, 1.1678064907970302, 1.1939413121310587, 1.190877905366551, 1.143480272911608, 1.1442481931457285, 1.1399899030189267, 1.15854390081644, 1.1369950822050445, 1.109919918161129, 1.1307091340236428, 1.0828649382378122, 1.1190630127638754, 1.0632089130304179, 1.069669073858415, 1.1184257996365123, 1.1032954126846815, 1.0605975856773573, 1.0879735463045757, 1.0689046707558043, 1.057387903760096, 1.119741909997044, 1.0409069493016125, 1.0346221966143663, 1.0250423165463547, 1.0337149504501935, 1.030891858440951, 0.9703214349383568, 0.9774251118954855, 0.9558911425969885, 0.9605891259407995, 0.8974127558240106, 0.9399976529612202, 0.8637621773131657, 0.9003996743381995, 0.8876440321538654, 0.8599228960984913, 0.8237501717617876, 0.7929114279597083, 0.8094970257334886, 0.764731955236593, 0.7342005942663943, 0.7169929705064026, 0.708905433862161, 0.7091636218117144, 0.7149801529231875, 0.6222010712708141, 0.6337928720997645, 0.6058261891382376, 0.7560050165864045, 0.711767637947542, 0.7315704185408483, 0.6678171761857693, 0.7138244269873669, 0.6546379056829253, 0.6613532964425676, 0.6787615789899192, 0.6924934842911246, 0.7023681531919582, 0.6774298331212886, 0.7279090031562092, 0.7025988858731325, 0.7103171167771251, 0.7412295207060496, 0.7524723990899376, 0.7629924852148011, 0.8011862025310155, 0.7904265118140923, 0.8065402419262352, 0.7989858212530091, 0.7753094517577359, 0.7936908590989048, 0.8016997049625989, 0.7987847099789126, 0.804337887167076, 0.8248541251776045, 0.825118397785169, 0.829520303341329, 0.8151397640684318, 0.8149906246392937, 0.8195135070018733, 0.8195823223744434, 0.8374176267644617, 0.8286995671809323, 0.8298521844933324, 0.8462722832068781, 0.8449571278619905, 0.8540424297372637, 0.8619072188379213, 0.8659827727682685, 0.8703555275386797, 0.8923013539327473, 0.8807154727474926, 0.8790003142253142, 0.876291185134817, 0.8758574051921267, 0.8886749674437122, 0.8835362772205804, 0.8677565422973301, 0.8750168241330878, 0.8754337905205203, 0.8849890994526893, 0.8847023687122004, 0.8625884145068459, 0.8660937763588331, 0.8739537280123175, 0.8752521323518323, 0.8639189010507793, 0.8593656816639341, 0.8499147086636101, 0.8175851546585394, 0.8218371909726676, 0.8151681851372408, 0.8057969772011364, 0.7943269534150881, 0.7917755037287008, 0.7755470281146385, 0.7619871411784483, 0.7604438392381427, 0.7346488068172364, 0.7390746864240952, 0.7464101830718143, 0.723144549345104, 0.7328813343940632, 0.7099495678373576, 0.7203094272135019, 0.690987965833961, 0.6844713347168692, 0.673393817519269, 0.6717074964477051, 0.6625428548876977, 0.6688972533845937, 0.645194621366025, 0.6261520700920574, 0.6077628005744264, 0.594521074593483, 0.5485494966519097, 0.5434257044586839, 0.5706100859768048, 0.6105468252340631, 0.7702722639128143, 0.713654517351457, 0.6752089714725933, 0.6907693601364449, 0.6940283480844759, 0.7373414109925991, 0.7590253965526685, 0.6944233321348411, 0.7155732981856004, 0.7448453653747737, 0.754923940870615, 0.7552165935436108, 0.7626344448455029, 0.753699976650548, 0.7377960596869151, 0.7434804090175735, 0.7329426357154125, 0.7764462451768104, 0.8015096942767361, 0.8193352662991921, 0.8021579314724062, 0.8122259061618313, 0.8122195673257968, 0.8116599656643612, 0.8086987460469722, 0.7850137253480868, 0.8055801514323888, 0.7974180229177585, 0.7893204365607723, 0.7908645607738958, 0.8116418035341969, 0.8020751447558971, 0.8119815109978594, 0.8224539992816626, 0.8231243733752128, 0.8387025530594618, 0.8515624695032864, 0.8539406831318511, 0.8546178054093405, 0.8576027570491354, 0.8579617774588038, 0.8623542659601946, 0.859867277810699, 0.8725678442484441, 0.8681850165587179, 0.8729808264507909, 0.8850787227378968, 0.8832462396425256, 0.8806599885669095, 0.883431402733519, 0.8835777823839699, 0.8930240799928806, 0.896954627291163, 0.8942607930482227, 0.8872047711404912, 0.8904558510810079, 0.8626756537498566, 0.8498298848346277, 0.8482469668100641, 0.8521012218408162, 0.8487246297719764, 0.8384624317787701, 0.8348028919904162, 0.8248946251126965, 0.8416010045947336, 0.8293423099951058, 0.8110557387169914, 0.8195719454523955, 0.7996455192351212, 0.7916492382290466, 0.7843996196750527, 0.7774201744657236, 0.7716442034474666, 0.7632492366173893, 0.7564883252539067, 0.7426680325850293, 0.7336204120751433, 0.7241882263668216, 0.7129701140581525, 0.6956934413151046, 0.68764005961543, 0.6712836552671089, 0.6585692145765056, 0.6450888984542344, 0.6371909037737046, 0.6250660597881036, 0.6154293549769665, 0.6114171771533388, 0.6103322568012262, 0.6389067635776859, 0.6594453335671052, 0.6968236298585918, 0.6897302466175917, 0.7090361779358663, 0.7127644855916297, 0.6765857521208528, 0.7294859209737163, 0.6453890587418675, 0.7063878895025069, 0.6632644270303367, 0.7319109026093256, 0.7046915476297532, 0.7487852835857379, 0.7171029668676385, 0.7166427650760618, 0.7270254095129189, 0.715584005858202, 0.7227687638515016, 0.7155798407196117, 0.7408242593393217, 0.7763079098708972, 0.7492112335633343, 0.7691584000271069, 0.7621811066408039, 0.7737792141503302, 0.7661457303900663, 0.8172727914915002, 0.7605260087556022, 0.7867983263986374, 0.794704361974353, 0.7919353336042617, 0.7877597312066646, 0.7931151766616062, 0.8362965152381482, 0.8394262315048365, 0.8317289713795707, 0.8533676383264359, 0.8604378948059839, 0.8668943054638626, 0.8628176008194561, 0.8890067082382671, 0.8996499892258094, 0.9224779517586559, 0.8818358616853463, 0.9015949260153558, 0.894936355372649, 0.9031081274628522, 0.897857713266381, 0.8898223838736589, 0.8933690318114444, 0.9123110514070355, 0.8871798678950402, 0.9110293259069109, 0.867556741079693, 0.8815322371930467, 0.8782964867134029, 0.882074922169457, 0.9142423362352139, 0.8814194602575903, 0.8852004714758638, 0.8794548269967846, 0.8927790134701296, 0.8966142622983948, 0.9036463370585553, 0.8982705492658418, 0.8619918100825239, 0.8468510317573742, 0.8376809645515008, 0.8347159242883235, 0.8169170461079663, 0.8175592459227424, 0.7940571054183988, 0.7921406811263243, 0.8341650097079661, 0.7897278171384214, 0.7765019506144131, 0.8131161924939672, 0.7113189972360531, 0.7433551361434557, 0.6629025339169814, 0.750239697873002, 0.6378861025475475, 0.7055894793254487, 0.6610914407971115, 0.7137810204874144, 0.6642531079103106, 0.6368458248191904, 0.6338029672172006, 0.6168312368941121, 0.6001993140015991, 0.5724902144534758, 0.5514113175737337, 0.6946846233320771, 0.6892002695739317, 0.6240657963661991, 0.637661141290671, 0.6110633260851333, 0.6357610522647799, 0.6342609083884828, 0.6594523488132561, 0.6704674719445284, 0.6922744554642685, 0.7066315153005788, 0.6717724334951409, 0.6678029784507047, 0.6586919428343287, 0.6868151228555377, 0.7107019136201558, 0.7358062764662152, 0.7454872523953083, 0.7666614879189303, 0.748739697212683, 0.7358248098187022, 0.7594341732507842, 0.769067260223659, 0.8094826000724734, 0.798289413809154, 0.812212357048969, 0.822741121155682, 0.825233186421827, 0.837047061074697, 0.8299826685721852, 0.83544763376844, 0.8705929794376601, 0.9090919163963236, 0.8779875354144717, 0.8766048133445218, 0.8900596949095451, 0.9080167537199538, 0.9392710514233953, 0.9276398782720052, 0.9289181204455037, 0.979123904372965, 0.9119752931433228, 0.9156170161526698, 0.9405894471860612, 0.9349601041884809, 0.9425234595976092, 0.9148772460123453, 0.91091577711786, 0.9051190137136303, 0.8856826101331424, 0.8815659149383221, 0.8736450547498018, 0.8905110635654533, 0.8869399724688287, 0.8913099466400827, 0.898131751340191, 0.8972922269284137, 0.8833739497523712, 0.8449508720873562, 0.8714406675934836, 0.873243070244418, 0.9213858287754977, 0.8853444374824444, 0.9109542825032743, 0.8532761388638377, 0.8222396121892686, 0.8067911339964337, 0.8310754052695026, 0.8076866997382537, 0.8365422423468418, 0.7165884663128914, 0.7813538535288373, 0.7094125402668301, 0.771886908871328, 0.7440809363760814, 0.6892491748019651, 0.6637603459600669, 0.6785172225203719, 0.652100320989436, 0.6567598978142439, 0.6448715864394148, 0.6029960280541068, 0.6052957296790268, 0.5929630703126596, 0.589941010833699, 0.5721113838859414, 0.5723494010418196, 0.5315964494984248, 0.5176466795870615, 0.5003959452596145, 0.4835970540294731, 0.7230058005936867, 0.7056736900906784, 0.7084748398841334, 0.7313002644225532, 0.7341783284463024, 0.7263223059006098, 0.7380810549940209, 0.7503999080345573, 0.7465020576801157, 0.729722155544528, 0.7454310197884783, 0.7472796583962409, 0.7405199232558466, 0.75944899978189, 0.7436219185728378, 0.7500438768850769, 0.7612405598011632, 0.7815214314758391, 0.7419595032323858, 0.7703031574493069, 0.7849962923639382, 0.7750884286495165, 0.791105196842642, 0.810817465497865, 0.8262221007477655, 0.8442571217552824, 0.8658967985080753, 0.8705275103709867, 0.8860116407781802, 0.8841435743020253, 0.87986114437528, 0.8934871063160807, 0.8940529182619212, 0.8945183897582911, 0.8881687025473468, 0.8910756410799024, 0.8936085259740418, 0.887465178054641, 0.8798538455375766, 0.8648849656819555, 0.8781570999208763, 0.8638623013020322, 0.8595185117242391, 0.859783244980302, 0.8647008703556747, 0.8583163466456716, 0.8425217540450032, 0.8373974764859784, 0.8356184000729858, 0.8427594386399808, 0.8388243419982885, 0.8274793740541821, 0.8186036808187659, 0.8143913793195829, 0.8070353131761346, 0.8382495626628259, 0.8316130448380434, 0.832765774881004, 0.8234462095762445, 0.8149167638489705, 0.8101333653500673, 0.784705150522003, 0.7636978849498721, 0.772922154929424, 0.7590612366808749, 0.737699032291897, 0.7383103753769222, 0.7385171465592423, 0.7025686404700485, 0.7177624711753625, 0.6889804083526718, 0.6706807300208059, 0.6659663668794381, 0.6597348420945508, 0.6492731523214053, 0.6395097122462908, 0.6441517943993643, 0.6295100685919789, 0.6145828266512877, 0.6100172900515294, 0.5817501751939964, 0.5818929808277362, 0.5531827588703204, 0.5400268304835082, 0.5346458601485881, 0.5194016920008572, 0.4872029746767974, 0.4681151187363883, 0.4475480522480842, 0.4885981200465485, 0.5020108779142932, 0.7344491322692313, 0.691625709969855, 0.6803481620344023, 0.7439807343838427, 0.6544238776092037, 0.666737254220616, 0.7544850843160833, 0.7071262706028308, 0.7410985696890067, 0.7066114959502183, 0.73536914438982, 0.7476907701156243, 0.7449699427565912, 0.7588019944747095, 0.7538128074921713, 0.8064844489346303, 0.7783403826097508, 0.7967921867689275, 0.8368598572019477, 0.8161320608661693, 0.8147045627982801, 0.8122696385077992, 0.7882192427881902, 0.7961794437530564, 0.7812172484253737, 0.8099879694112622, 0.8166959081378508, 0.822489186385013, 0.8021258999191214, 0.801813234464879, 0.8147365016585666, 0.8241061107837173, 0.8361739823248495, 0.8507264994237691, 0.8447339859774226, 0.8635379954325133, 0.8380836140587449, 0.8490253441011816, 0.8528538309310114, 0.8588624605763742, 0.8511517826201342, 0.8726240080043461, 0.8682424899565804, 0.8627557401116475, 0.8685673797925457, 0.8702286103131265, 0.8656757149333096, 0.8552030446156804, 0.856318708692485, 0.8610032561417351, 0.8464944943655377, 0.8688840979422932, 0.8498542190116225, 0.8445901745855666, 0.8513030821627698, 0.8479714883037255, 0.8305510174238133, 0.8650994873171022, 0.8575837498477145, 0.8523866440485304, 0.8381727780117767, 0.8682777598578237, 0.8399025986348082, 0.8408334241056712, 0.753821974459526, 0.8507798408070346, 0.775487000092667, 0.7567303018673293, 0.7447102697602545, 0.7256726725701237, 0.7181831122129679, 0.6978794790889289, 0.7607036668402103, 0.6775261699683813, 0.6825471565928237, 0.726721004600976, 0.7025219810200888, 0.7150790078377363, 0.6915385700656884, 0.6728332162188234, 0.6672305171671822, 0.6257201494354834, 0.5955224716913683, 0.5955035439200499, 0.5826926542425149, 0.5606449375226048, 0.5467017640378518, 0.534142905385403, 0.5065615192247283, 0.5400361970890478, 0.5561926826420656, 0.7945478457905976, 0.6952882852217841, 0.6924089272844459, 0.6552213346980149, 0.7052120696998337, 0.6657826293259108, 0.678772745744638, 0.6626365510761896, 0.6859160149638113, 0.6786053650606663, 0.804561951704017, 0.7600600451523677, 0.7554687357219237, 0.7236750610229827, 0.7411094817546698, 0.7572844263689509, 0.770464126232415, 0.762554937033052, 0.7615786542347205, 0.801838240413745, 0.8445842450727918, 0.7934177333965127, 0.8174644057136663, 0.8289525127049963, 0.82182607534989, 0.8218199412636557, 0.8241754220507047, 0.8479690996335237, 0.8625144708537662, 0.8561388488631051, 0.8548119966565508, 0.8626375087457678, 0.892038136509985, 0.8953155423721195, 0.9144597694409127, 0.9140956279855408, 0.9375715197893253, 0.9355716816001467, 0.9327298981795005, 0.9170165807731487, 0.9364062257782094, 0.9373838485335307, 0.9489740811332865, 0.9435193277410501, 0.9460562990607209, 0.9415463719924959, 0.945427971201631, 0.948768976861941, 0.9492463267006597, 0.9507336590713384, 0.9471130027467551, 0.9450445271791152, 0.9419678212986448, 0.9116696152854049, 0.8941295611319384, 0.9083836456849859, 0.9081487793972318, 0.8960175706195084, 0.8941089090471211, 0.8740277564907548, 0.8714157359573051, 0.8840228741999232, 0.8692382445130602, 0.8743272162171691, 0.8538170715671302, 0.8609617969784844, 0.8402575587584888, 0.8466506518501066, 0.8208255026385725, 0.8127042574132616, 0.7859469841162687, 0.7998326610544624, 0.8000515638311751, 0.798804636785818, 0.7990571614524138, 0.7512976810355858, 0.7412022095737951, 0.747896363512125, 0.7079787882973932, 0.7522700170928561, 0.7357742135002158, 0.6821363685786722, 0.655591522620245, 0.623797694578693, 0.6153312811714237, 0.5975513205844466, 0.5949321970366849, 0.5655758459590434, 0.5436329959547973, 0.5277242914029776, 0.5243649283504598, 0.761155987092782, 0.7219032939201617, 0.717393219451069, 0.7355896429472325, 0.7832157395056198, 0.8762130797936469, 0.7812877609257165, 0.800498043615222, 0.7991757244084237, 0.8262166522713746, 0.791654016076375, 0.8111656741595119, 0.8120160305897913, 0.8435014892757451, 0.8420248761698523, 0.8570470375031845, 0.8508341929651342, 0.8446663661186911, 0.8369863081679829, 0.8480193455388721, 0.8627804933178269, 0.8646221085821822, 0.8615934215181132, 0.8651976455493195, 0.8571199215295813, 0.8552747397466566, 0.861645824352568, 0.8779569460675829, 0.8888146913349916, 0.9080775666786044, 0.9196940535265058, 0.9292249671317847, 0.9195121402622874, 0.9148236846783628, 0.9182341163880385, 0.9259075010116578, 0.92344022548886, 0.9251275166378106, 0.9334751858187555, 0.9334706920962278, 0.9309625429247255, 0.9154737253737311, 0.9096044149955349, 0.9009994811298753, 0.9008409558094994, 0.9141960021600284, 0.9066654219388619, 0.9064198289427948, 0.8970008583176479, 0.9087461244438352, 0.9083990132885035, 0.9105441330424855, 0.9117397674576551, 0.884075006865384, 0.9012566957431964, 0.8856405679854762, 0.8703806878884093, 0.836173843136715, 0.8522394232281338, 0.8306945677681412, 0.8275346155433713, 0.8361723290269117, 0.8192646201874523, 0.8015761773574954, 0.8070593006675465, 0.7848134871946192, 0.7812976582590203, 0.7317396464636601, 0.7268362132234082, 0.7402623140597271, 0.707499934753697, 0.7046466529295521, 0.7173944141769387, 0.690026126079895, 0.6957145517632571, 0.6706507310249401, 0.6624950328544827, 0.6617957876607626, 0.6335667044081555, 0.6221379815628183, 0.6150808270293383, 0.5757563417067454, 0.5788235067381773, 0.5582735309621741, 0.5458892992989718, 0.5301859084804622, 0.5047018454864772, 0.4842873161699222, 0.4684265979100919, 0.44141293071912824, 0.43706379668851847, 0.7114926229052684, 0.6878984084078128, 0.6955848878141959, 0.6882659690585404, 0.6956942048737116, 0.6561687597811274, 0.6595938838123413, 0.6294171298279343, 0.6329192397561276, 0.6196597145838292, 0.6071255924727939, 0.6154137308592993, 0.6270272790978428, 0.6348385272328729, 0.6583152920453185, 0.6825828996464318, 0.70108226907356, 0.7059147838974434, 0.7292472434599468, 0.7296467038140437, 0.7381016788950522, 0.6981931006377929, 0.7720918578268015, 0.7014162925970285, 0.7464587284569892, 0.7605052298660593, 0.7598568691647116, 0.7416342294351508, 0.7906877021531513, 0.7699703685948215, 0.7681096113671406, 0.7752471218142152, 0.7483187213597408, 0.7466499872756434, 0.746985090210369, 0.7562310833079326, 0.7571321548407819, 0.7703470189771312, 0.7911276597050988, 0.7958467685108056, 0.7873850751902334, 0.824627336376549, 0.8339193505222713, 0.8215587555595136, 0.8293698761772559, 0.8324019126436437, 0.8345570520597079, 0.8251277869279797, 0.8148056587068209, 0.8049626256297362, 0.8216513738083211, 0.8227705991995534, 0.8205828617672497, 0.8580626504771444, 0.8313165456682001, 0.8650476245653638, 0.8597867079240116, 0.855354800277748, 0.8413101240418446, 0.8456472534462853, 0.8306818316419087, 0.84995882567687, 0.855083630038024, 0.8367468691329164, 0.759409364939788, 0.8049289562780865, 0.729681149045385, 0.7252944100055587, 0.7116520004023, 0.8239456158344527, 0.7307314621762355, 0.682253960234905, 0.6848081131400381, 0.6835464161891995, 0.6824161917955343, 0.679240050264745, 0.6928202149624008, 0.689783108013228, 0.6288345428594238, 0.6178939604244664, 0.7441444061596716, 0.6033067658013368, 0.5638321764692933, 0.5958850444531812, 0.5884156211651156, 0.5827271061779261, 0.5575708029819935, 0.5390876071747036, 0.5174962190830797, 0.5437144546957565, 0.5521067767416664, 0.6512973567307083, 0.6397874150800037, 0.6653964077846097, 0.6248304004470921, 0.6164033339033224, 0.6680133019479962, 0.6360567631651035, 0.6844426165494412, 0.67296727089407, 0.6205865641125122, 0.6895633151502645, 0.6214446239275988, 0.6891611617274082, 0.6936231055950833, 0.7414705476895161, 0.7244603213657818, 0.7122356305662909, 0.7306907568836967, 0.7535805574820702, 0.7490761431013905, 0.7650629333724701, 0.766225348636319, 0.7904977796144637, 0.7856714078377219, 0.8002715111658711, 0.7935872719123761, 0.7940353939888322, 0.7948753607359199, 0.7969803232212943, 0.8218553744261026, 0.8284601581416836, 0.8230164424726691, 0.8169515628659677, 0.8015105165220522, 0.7964134163252024, 0.7918473081548556, 0.7937828661715289, 0.8136864080981615, 0.8059508825691967, 0.8102402864257778, 0.8218132267503986, 0.8163482287846694, 0.818067240226827, 0.8345552019222617, 0.8313256098595454, 0.849184036982069, 0.8378771801203202, 0.8490543110627876, 0.8499532322885599, 0.8460583839609339, 0.8565525857333365, 0.8593596125992288, 0.8578003668396695, 0.8465544260178182, 0.8301316605514834, 0.838494324845231, 0.8402404124993796, 0.8368254577899008, 0.8253636035583645, 0.823422396409905, 0.824481548500152, 0.8251076410476557, 0.8101815166475778, 0.8129276777708814, 0.8140981539750023, 0.801771321723025, 0.7888707202427796, 0.7955348887768936, 0.7804621142990329, 0.7709789387154744, 0.7718947676936214, 0.7548468555743959, 0.75729092833749, 0.7374746101135286, 0.7363107808367327, 0.7314434103762197, 0.7140704114477836, 0.6792583989654135, 0.6818762881558884, 0.666020084173869, 0.6682041298253, 0.6647849006695785, 0.646102755548721, 0.6575333408776246, 0.5983359865103475, 0.5899265590379692, 0.5895612350010103, 0.5601420402791538, 0.5506144467613435, 0.5494725605984128, 0.5689767363040634, 0.619168673430792, 0.6845210734004129, 0.5684536214278979, 0.6698191975438926, 0.7354258762396806, 0.6432093829778005, 0.7136476428164965, 0.6128637164527948, 0.6597065403389831, 0.6381555828323008, 0.6562941123696089, 0.680543636913691, 0.6404375843096799, 0.687504882340642, 0.6862231041387021, 0.7040658098087114, 0.6758841939079904, 0.7086184801324877, 0.7336608745793252, 0.7078829220373297, 0.7205111165328726, 0.7623788832408036, 0.7519810952761775, 0.7532812056983786, 0.768694027104236, 0.781307806913677, 0.7680327929896459, 0.7834462651650607, 0.7710069982277796, 0.7783756338755713, 0.7843877881446187, 0.7964019271040782, 0.7925964110987939, 0.8076020277188795, 0.8148977865826282, 0.8261496189025688, 0.8289038069571579, 0.8310335736227812, 0.822820999110962, 0.8465795075358469, 0.8546855253760128, 0.8419096847910459, 0.8468456387205554, 0.8427103278446488, 0.8513730202891248, 0.8524597281640338, 0.843872115057678, 0.832356842175753, 0.83901935115474, 0.8329103789676471, 0.8388225844993911, 0.8375988123068734, 0.8414061132442445, 0.8386465299996111, 0.8282586048673495, 0.8274230538775684, 0.8498604772676653, 0.845806401055387, 0.8398564739816217, 0.8520361417099506, 0.8340368455508773, 0.8407031024358067, 0.8218525047000899, 0.8232291626673193, 0.7744564520316835, 0.8151637559529497, 0.7455876851204493, 0.7206355610371371, 0.8414653995999475, 0.7282064580193764, 0.7293917597529185, 0.7795882734587982, 0.7108766336797664, 0.6961303176153981, 0.7519870046558669, 0.7144041468880169, 0.7060546210341376, 0.8007978722043154, 0.674766786144817, 0.6463896613666902, 0.666956020390827, 0.6555829551283898, 0.6799445658814319, 0.626813847462917, 0.6031763471950997, 0.599155072296636, 0.5829096942671474, 0.5690684230032178, 0.5739982176627654, 0.6095271723755412, 0.6667689215665598, 0.6461833319160043, 0.6302904265612218, 0.6398077635212811, 0.6394724043104756, 0.6488807819571771, 0.6396433938973658, 0.6465110282736898, 0.6329439991682526, 0.6538959501425563, 0.6905664033263791, 0.6959111362989918, 0.7192310865157698, 0.7206216157675094, 0.7084925580264951, 0.7122400902321946, 0.6700974643899847, 0.7090108883239716, 0.6982802388894958, 0.7568128621620531, 0.7446037689094662, 0.7716426654295416, 0.7784639291319617, 0.842906649068909, 0.8383825704182564, 0.8393547821834665, 0.8206884059957187, 0.7965073202538635, 0.7945815648939148, 0.8301152398013136, 0.7919932988448223, 0.8044581045424724, 0.8041765413054345, 0.8069924715250895, 0.8225233551845412, 0.828952933810599, 0.8258889441451757, 0.8327932604907289, 0.8317149452781587, 0.8311176095940395, 0.8498508258866848, 0.8329324545713112, 0.8472847914845801, 0.8467958849046775, 0.8460453676183246, 0.8347473967160561, 0.8542255455459311, 0.8445933322787347, 0.8522643370561485, 0.8848753845716621, 0.8513688628967532, 0.8546034431013774, 0.8410250226201839, 0.8822024380427205, 0.8849813885235718, 0.8605676690803337, 0.8733718981122964, 0.821674201074742, 0.8563364066119856, 0.8129617609145929, 0.871381042935619, 0.8556547667778092, 0.8353129915903732, 0.7956109423530745, 0.7867193276045386, 0.765556460982815, 0.7761109212728601, 0.7625264960612064, 0.7605540893468189, 0.7523980878163269, 0.7383243335679511, 0.7333001934744069, 0.7204986863458955, 0.7397848547741075, 0.7110557340891654, 0.7429729307086537, 0.7360578169084293, 0.7178705976242796, 0.7045217892126481, 0.6939465513178187, 0.6743486640466065, 0.6599655864746592, 0.663714575533179, 0.6404345878918316, 0.6195172596388487, 0.6079109838324293, 0.5948745666364003, 0.5723321242844862, 0.5630593862309511, 0.5646225962114884, 0.6021042534744804, 0.6457792093844162, 0.8360827759295139, 0.8347082380941138, 0.8255669594536423, 0.8196954279434907, 0.881905366512532, 0.827234667317756, 0.821248725729499, 0.8586272723119505, 0.8761555448130876, 0.8192323042766234, 0.8521174855794282, 0.8056836366894132, 0.816746970184852, 0.9201421948404304, 0.8837160348463253, 1.0082634074439814, 0.796539294364775, 0.8616661858046591, 0.8514109020230092, 0.8588360749617843, 0.8669363207162611, 0.8675554781250142, 0.8653945024710572, 0.8844922505744747, 0.9040580968160679, 0.887001852233042, 0.8793262836849706, 0.8847245623494264, 0.8697680202026931, 0.9037280137126803, 0.8968196043770438, 0.9023468150590548, 0.9439771252485898, 0.8877793844954583, 0.8816012170128501, 0.8931515400604514, 0.8879069852720312, 0.8999052560664113, 0.8984884313754031, 0.9220903036018171, 0.9611772643503464, 0.9377591940827834, 0.9432255514072125, 0.947754184075493, 0.9491038311046246, 0.9991327369757153, 0.9576531427089668, 0.961934075651673, 0.9615744936474722, 0.9519330705604427, 0.9532711221773196, 0.9284059190596636, 0.944814584020041, 0.9365931707011935, 0.9319267153773776, 0.936410727717461, 0.9350059165024679, 0.92716021933144, 0.9169009395820964, 0.9335808463774438, 0.9184767766674722, 0.9033709519526116, 0.8795423820176959, 0.9022612502851306, 0.8903865057673943, 0.8951128032502655, 0.8833571978851436, 0.872068930869941, 0.8721512154399733, 0.868563507177982, 0.8413299590900203, 0.8330086874563493, 0.8375934019395439, 0.8071277795388081, 0.8267175013804628, 0.7537527712705442, 0.8065237816499699, 0.7440203279931251, 0.8137122896262659, 0.775677267809168, 0.7479696314165933, 0.7518933218220832, 0.7417680195730396, 0.6590424737016289, 0.7160376420841242, 0.7489161445928845, 0.6580964695220464, 0.6491954904882774, 0.6309375930780843, 0.6334836419293213, 0.5976413064090771, 0.7753236051343851, 0.7773954425949623, 0.7605490736213925, 0.7865708478812057, 0.82450965407232, 0.7918555711633695, 0.7713389251377549, 0.8287735343305074, 0.8569816514359014, 0.8389390195842956, 0.8191757381802416, 0.833129304961504, 0.8539486883878029, 0.8236694220017355, 0.8289722807275399, 0.8793584561890277, 0.8683547617311514, 0.8429908605470757, 0.8486671833971019, 0.8734761655138807, 0.8676740067578979, 0.8869035362109539, 0.8751276276328639, 0.8676659680474405, 0.8683841280979928, 0.8677551078413872, 0.8853372959685171, 0.8962257823180115, 0.8863744850477203, 0.9217686248870176, 0.9361401070078437, 1.0112440191394731, 0.9263510845755003, 0.9407005088699268, 0.9217569488904929, 0.9163655178774841, 0.8898683445695922, 0.9176389008679016, 0.9227285765395175, 0.9246649243504483, 0.961162662790422, 0.9410440766668209, 0.9386870711051738, 0.9118803696024603, 0.9513636886244032, 0.9415061567341529, 0.930771950085817, 0.9183045401690733, 0.9241594914843879, 0.9086775814917114, 0.9708841691876661, 0.9173200944894788, 0.9002456386348459, 0.9160153610999886, 0.8875953687411623, 0.89781865660776, 0.9098343466786003, 0.8977700546655026, 0.901878442161518, 0.8955285175778396, 0.9002830362501937, 0.909932388333845, 0.8828067602807879, 0.8327589033223735, 0.8030581896635551, 0.8045325017565688, 0.7942559285387188, 0.7938646312521516, 0.7808260561159996, 0.7457593623099225, 0.7370173154111858, 0.7327491016728438, 0.7186357182656852, 0.7006136268196275, 0.677406164033542, 0.6598540500418091, 0.6406130008482005, 0.6304051996976978, 0.615358526019185, 0.5942572433438869, 0.5729435408588643, 0.5663162034248508, 0.5467616343603185, 0.5233178625480623, 0.505755446233829, 0.4949657400272523, 0.4670033308602197, 0.437887823548977, 0.43028920044408686, 0.3866755704589363, 0.43136713287220696, 0.7075225717151703, 0.7227136059299824, 0.700027282241662, 0.7240235747798607, 0.7044312445137646, 0.7139346339328834, 0.7179886736733754, 0.7350553051447043, 0.7128303308336029, 0.7200102591704399, 0.727204768140022, 0.7452397064895316, 0.7519025833115616, 0.7693126978928495, 0.7710651592462832, 0.7578145648460706, 0.7591284630363038, 0.7577549347047461, 0.7561092873522824, 0.7468785895590899, 0.7380937938460281, 0.7322025030480763, 0.7495616631874669, 0.7487639318769985, 0.7567069906220919, 0.7675555722174965, 0.7751285400698382, 0.7929924375514626, 0.787524506414883, 0.804212966111381, 0.8061962611759055, 0.8363682685068856, 0.8246101943415745, 0.8198147166944285, 0.8227397480214651, 0.8419483568576541, 0.8410379426252319, 0.8521326380860423, 0.8712232937277197, 0.8723993091646471, 0.8654370711074849, 0.8539702147641071, 0.8561450319953272, 0.8652850261975502, 0.8560005616942385, 0.8480768891124023, 0.8506596418076985, 0.8578432576881068, 0.8617710908672946, 0.8673174637464895, 0.8655470527705816, 0.8613138425026512, 0.8729189309706225, 0.8743611139745324, 0.8665212994698515, 0.8646365850192537, 0.8559027680643903, 0.8377771568667358, 0.831029403436788, 0.8264033899325427, 0.8165599307141357, 0.7989236869870822, 0.792052010747305, 0.832623865766558, 0.7846584725240482, 0.7721155077938375, 0.8129483942559372, 0.7816698745765807, 0.7761919478627349, 0.7996216871546226, 0.8115782089722124, 0.7137332219827095, 0.7011804209824404, 0.7718708017079507, 0.7022863338828071, 0.7135171681613955, 0.6851946862529639, 0.6954468525747719, 0.6626249677335249, 0.6454516263080617, 0.6164641567211842, 0.6371040883132445, 0.610744057735612, 0.6111373432603713, 0.5835296769236985, 0.5678440178698588, 0.5628600822291289, 0.543516748107027, 0.5405183962729497, 0.5462858081365588, 0.5201132988526135, 0.7567438478259367, 0.7436761491651175, 0.7018615473825975, 0.7527495812349301, 0.7374955111988064, 0.7719250533948141, 0.7859784781197208, 0.8560386707169703, 0.7601971339882181, 0.7683872746576486, 0.7801700139888426, 0.8002276761773299, 0.7898035376828483, 0.797154353601594, 0.8009047704287711, 0.750569665705746, 0.7366279016106025, 0.7566906157364108, 0.7525102731678653, 0.7441890504309283, 0.7501721227005421, 0.7397067101868375, 0.7641434779711365, 0.7712459027874397, 0.7556201953991356, 0.7787064996112656, 0.7835527491979821, 0.8042486229671666, 0.8422172132373034, 0.8624080742344236, 0.8564051361142435, 0.8715148416729055, 0.8715718549864668, 0.8719614944041094, 0.880673669819594, 0.8921614211249074, 0.8775477693418838, 0.9015830088902621, 0.9011184275862558, 0.8865612539211005, 0.8845213089182162, 0.879847498571559, 0.8620736383285259, 0.8672454511551173, 0.8609791228020935, 0.8809704662340688, 0.8753120160412433, 0.8814013911328972, 0.8705445346190694, 0.9009044611510995, 0.9060394591448784, 0.8912413161550341, 0.8843548325699141, 0.8813797696918566, 0.8609394567727539, 0.8529016675020008, 0.8683947470976932, 0.8468976391942558, 0.8228561739531929, 0.8166170089289659, 0.8147111532503751, 0.7857842424353004, 0.7903180614690141, 0.776340444360489, 0.7668122068183514, 0.7596866863183644, 0.7361925363340038, 0.7388466761434638, 0.7250958060796292, 0.7299349853347161, 0.7153576379843344, 0.7214268707116848, 0.7134684939475834, 0.7174871692132412, 0.6963681285322598, 0.6785463149825564, 0.6693808677921622, 0.6604372138112085, 0.6539693893837764, 0.6359952672071337, 0.6358170395879015, 0.6099852373132668, 0.6247658704285985, 0.6098019645044318, 0.589750489922621, 0.5636505429806412, 0.550621783829039, 0.5367735194913015, 0.5305193564466297, 0.5673041801001264, 0.5523903666016537, 0.6387738226267139, 0.6547472652702592, 0.668649843498332, 0.6347782026403331, 0.638678288455643, 0.6527809359998749, 0.6803804932469779, 0.6722228887605105, 0.6802213476217186, 0.6757636577557826, 0.6782860593400422, 0.7257286607479259, 0.6739365392149016, 0.6976107490624921, 0.7170377952212126, 0.7201072592742168, 0.7089025709285698, 0.7775810207619184, 0.7387688524269677, 0.770504738347485, 0.7689925434563931, 0.7820122759490616, 0.776593398249445, 0.7710569772302955, 0.7641507296894402, 0.7562855809875948, 0.7724613987483793, 0.7961666976037917, 0.8141376828446267, 0.8293564888657423, 0.8541485434405998, 0.8926125089496302, 0.8362669401449747, 0.8360925989156385, 0.850381554039586, 0.8661129376084288, 0.8576560222478345, 0.8573388594223329, 0.8482362733110832, 0.8474526717762336, 0.855809222261225, 0.8600937750516684, 0.8694244969051508, 0.8362520527124243, 0.837232404269121, 0.8415422797619051, 0.8394071908624421, 0.840531261529651, 0.8433600463351278, 0.835273211660331, 0.8468169470901343, 0.851562408572471, 0.8515267286693307, 0.8526884856489265, 0.8438293831839143, 0.8384407086286494, 0.8205808764800879, 0.8269012787654659, 0.8204552913557754, 0.8211016981406557, 0.8184242888026849, 0.7967697052508593, 0.7797267850963567, 0.7852037318142835, 0.7630156758428539, 0.7545657716120004, 0.7419153704225401, 0.7485165597571672, 0.7331777646131612, 0.7418649681503735, 0.724168116065804, 0.7143393214583914, 0.6956779933925287, 0.7009048722182442, 0.6735878842275463, 0.6539054998336346, 0.6203267538419788, 0.6348320696456229, 0.586591330055167, 0.6051203721343026, 0.5931004998244761, 0.5827651452373528, 0.5757681423251795, 0.5550637905995889, 0.5473197740520378, 0.5297947327018886, 0.5224842629703615, 0.4935935823741334, 0.5116638286979938, 0.5195894821383775, 0.511142936007381, 0.6611307821235192, 0.6580201324554604, 0.6555494024052881, 0.6129713411171509, 0.6234852742250308, 0.6421881084725294, 0.6435349925694254, 0.6663307165557975, 0.6975654563204795, 0.7591707168358433, 0.729975259742272, 0.7023967874561534, 0.7005338842568978, 0.7224883241687872, 0.7211291784878322, 0.7141888424316497, 0.7486408059217933, 0.7349820506089095, 0.7219142686842536, 0.7042433846503099, 0.7398577939983302, 0.7580258935394881, 0.7548168890525933, 0.7557013305525829, 0.7798706979277894, 0.7917597926300315, 0.7806825988520225, 0.7790790640916007, 0.7803464048292039, 0.7775564630797157, 0.7752936586775241, 0.7839517973481368, 0.7888937697227536, 0.7980357569155692, 0.812183296112513, 0.8169842996716814, 0.8096528725529433, 0.8279099419917089, 0.8303583211839778, 0.830240310842587, 0.8338205837536566, 0.8387060946660025, 0.8279924976373928, 0.8430327945370315, 0.8400035107156419, 0.8474621168064913, 0.8394116190922744, 0.8368562801836555, 0.8214099913317001, 0.8221609471582413, 0.8336050458161298, 0.8538181009814482, 0.8333180593409941, 0.8361830592988417, 0.8318430119938636, 0.8453800351537152, 0.837984815689033, 0.8561598391483832, 0.8637294151695527, 0.8384907735185616, 0.8088860883035862, 0.8002393122707026, 0.8033441029166821, 0.8295380345445977, 0.8352897737956195, 0.7962321736777225, 0.8035523665728294, 0.7954437667453903, 0.7737654790656447, 0.7693282833661621, 0.7681007859134564, 0.7588656678778852, 0.759150722917019, 0.7427062446640166, 0.7237869163773101, 0.7323833063953491, 0.7194279409765234, 0.7101559372333319, 0.7032762359828478, 0.6838613736435527, 0.6363540798063604, 0.6339849894123337, 0.6466014328031463, 0.6168840535396104, 0.5994294837342801, 0.592970481442946, 0.576083020776069, 0.5526212716363434, 0.5481636325485555, 0.5658276512033578, 0.5442889372226183, 0.6848853003692791, 0.8079129175634998, 0.6701806409560654, 0.911075594148706, 0.6732659116613653, 0.8945925938200124, 0.7766770915570171, 0.785012545033013, 0.786063033818361, 0.7881088669758853, 0.7533367153368009, 0.7451181276910019, 0.79180098673833, 0.8007940393218869, 0.7983862129554727, 0.8114810882328083, 0.8069045329463311, 0.8333962582949923, 0.8091277521500233, 0.8078720945208198, 0.8008491297073077, 0.7947095824255017, 0.7894218684514829, 0.8033713005450183, 0.819522414751547, 0.8150541779917794, 0.8316009682372973, 0.8056213734298838, 0.837332090599538, 0.841868889463933, 0.8317967260374385, 0.8638043982709409, 0.8833451639594956, 0.8930460759548002, 0.8915181868445627, 0.920148575544637, 0.919389347259552, 0.9300723363704313, 0.9204220857086121, 0.9096565725301129, 0.9273132479923893, 0.9289469980133995, 0.9333178182661166, 0.9454473936070166, 0.9303192754032527, 0.9190411532571042, 0.9415295639615906, 0.9565729087814914, 0.9385770193780192, 0.9407791772433263, 0.9214170325157851, 0.9323049604614839, 0.9296850254294925, 0.9414858322212192, 0.9487794221012094, 0.9396755529937748, 0.9460388737548185, 0.9422711987462136, 0.9290212160958128, 0.9130166580537329, 0.9120737712895447, 0.9066619829988017, 0.9101765805567785, 1.0304053604680692, 0.8956324878022716, 0.888791783207435, 0.9149435683589887, 0.9112393184543444, 0.8779292121437687, 0.8715582963335271, 0.8451754012589231, 0.8652064344698072, 0.8619025863081601, 0.7870859778973353, 0.8041780431721764, 0.8254654352168049, 0.8146735229080273, 0.8230250612512306, 0.8142253374740012, 0.7943902849313582, 0.786726048492142, 0.7685438153288977, 0.848829344568278, 0.7521242740083214, 0.7386180436346497, 0.7411266634078896, 0.7325945323612908, 0.7116961256692096, 0.6912490059236703, 0.7239138478523506, 0.7171726926291903, 0.6439848694757415, 0.6433066939325864, 0.6725188714321729, 0.683270079883896, 0.6779110728334296, 0.7057854443750728, 0.7256772740331118, 0.7225106640519058, 0.7220146420054518, 0.7250024477604574, 0.766478980326106, 0.7581115642692406, 0.7252224698645852, 0.7628445070550758, 0.7603254374139427, 0.7922299415822587, 0.7483820356241867, 0.7270405601069676, 0.7501277357696223, 0.7615558035090484, 0.7508792749045102, 0.76776947440846, 0.7764034581029999, 0.7687184641715583, 0.776671820750846, 0.7935764631429523, 0.8049744699155116, 0.8287114053499418, 0.8292528661966735, 0.8342028520862457, 0.958243213935101, 0.8291286250602532, 0.8926757182722967, 0.8484942566484786, 0.8694527608152565, 1.00447955487336, 0.8824415979880698, 0.8786435236188914, 0.8560766969207496, 0.853432957087231, 0.8457085911677411, 0.8543720477953975, 0.8653369396656689, 0.8791880906869789, 0.8439714688457339, 0.8675832584704729, 0.8674767519539173, 0.8602396270241914, 0.857829725008685, 0.8635988824058973, 0.8348822815708665, 0.8469974288181479, 0.8282786264944759, 0.844630218088877, 0.7957399445499195, 0.8827051110486965, 0.8820679709320247, 0.8477298738159322, 0.872470680890061, 0.8565073927380511, 0.8971048512965955, 0.8393796490935932, 0.8769848401514957, 0.7747793320795131, 0.7546709356781729, 0.7729794902741662, 0.7694458902279903, 0.744760177227256, 0.7395666076402847, 0.8579848723401231, 0.703057243276378, 0.6847514621646342, 0.676417058840138, 0.7066466706055277, 0.8044755121865534, 0.7269741070434859, 0.6319873410504213, 0.6694039756265531, 0.6587132594636999, 0.6524696007428289, 0.6246422273222322, 0.6035264017609392, 0.5848229625051016, 0.5726891581973119, 0.5559109324115267, 0.5257880333401155, 0.5212406621721881, 0.47209391559946906, 0.4468490483390142, 0.4553473007834006, 0.5216929320181234, 0.7049890923034801, 0.7824023288814883, 0.7372744900580814, 0.731388033937334, 0.748774549478202, 0.7455575968703033, 0.7233138279799383, 0.7313733903288481, 0.7084872705891276, 0.7122682176823547, 0.74191550670837, 0.7330083569860467, 0.7871529197676492, 0.785468728288743, 0.7906459051005603, 0.7810457384711672, 0.7878851818248642, 0.7985902363209876, 0.8048972585909006, 0.8181607205145288, 0.819723559937692, 0.8224269412550855, 0.8179172249188853, 0.8516829352993096, 0.8402456894263699, 0.8424716590009336, 0.8349855058863888, 0.8302235932925637, 0.8179284881702523, 0.7911581923622146, 0.815843418188316, 0.813147398854415, 0.8096995277956968, 0.817919312681243, 0.8248343860956857, 0.8300575511451108, 0.8364942652801024, 0.8598443536257436, 0.8792347420234325, 0.8926080488802601, 0.9067797012557408, 0.9097992909065244, 0.9026611902519592, 0.9014412298163285, 0.9121885029486851, 0.9221222762428272, 0.9188050294601269, 0.9228732780586311, 0.9123420905132531, 0.9167001885421173, 0.9172794972053802, 0.918160090042798, 0.9090428249432925, 0.9124726111630044, 0.9139429851792722, 0.9179076648376793, 0.906042566016651, 0.9140548584030419, 0.9132509638144015, 0.9155868491654789, 0.8994118196117833, 0.901458010405322, 0.8851310280293072, 0.9011058243785774, 0.9354441870745339, 0.8671049142969198, 0.8582261832638816, 0.8632144997894438, 0.8450708702039678, 0.8737688607540441, 0.8707857629667138, 0.7899313976645228, 0.7926871840032541, 0.7881691190556573, 0.7749970317427382, 0.7951333284045091, 0.887178363782009, 0.7825391598160785, 0.7649948101960576, 0.9416611591459844, 0.7378505722717257, 0.7350223659223917, 0.7317846173733302, 0.696922339766935, 0.681148447881623, 0.6642733086613632, 0.6130122527563969, 0.6262204169896659, 0.5774110150949632, 0.5884888726186851, 0.6525181139019476

T2-T1 Values: 0.4606219102216402, 0.47496975617514875, 0.45621338941130407, 0.43342305322968, 0.4590854782055833, 0.4712079828151854, 0.4754602059834573, 0.4919871992584124, 0.48613243314082677, 0.5136374906609067, 0.5005784327638958, 0.5070397654369152, 0.5061975550993136, 0.5383250293360622, 0.5336577051982467, 0.5544010682657433, 0.5593788865058995, 0.5612253146456099, 0.5643648930641529, 0.5707448049652717, 0.5648214660130009, 0.5828132152070238, 0.5817579807370508, 0.5858932536462814, 0.6046359352008727, 0.6241670306215187, 0.6148236389481179, 0.6285626164504966, 0.6248996370819893, 0.6273069682136405, 0.6305124662067207, 0.6264770008732655, 0.6327481766508003, 0.6365021869570915, 0.6449036468146186, 0.6505647824961556, 0.6582192657819131, 0.6680337348415905, 0.6758350796433243, 0.6738576630057448, 0.6739763188158621, 0.672155418965613, 0.6730453145536497, 0.6695635802529929, 0.6734054908649214, 0.6740269180609783, 0.6689379353074801, 0.6713606724494975, 0.6699730073043667, 0.6712880250213515, 0.6730070684368228, 0.675033494048169, 0.6751305016166653, 0.6704374818956761, 0.6821155796750288, 0.6758487456603217, 0.6758940122620977, 0.6751267101540094, 0.6708816907114454, 0.6651702487887371, 0.6623644272324936, 0.6589507470413357, 0.6587930035405706, 0.6557608447730264, 0.6474958079872863, 0.649383288738535, 0.6417809621195283, 0.6321556942611777, 0.6296073758460425, 0.6065348572601689, 0.6138027444464755, 0.6044460895135021, 0.5741751737444483, 0.5861633509761779, 0.5778466151262422, 0.5669509235726696, 0.5487804515649813, 0.533000248352931, 0.5249664073255712, 0.4831925844633566, 0.4974206553928328, 0.49496222308268295, 0.47463604089315026, 0.4826305665324464, 0.4708675296505167, 0.4452465049968079, 0.4333376572864002, 0.43585339903568565, 0.4097583364926457, 0.4071145403068906, 0.3843006035377924, 0.5121956125240411, 0.5222675844635398, 0.5068235358672201, 0.5177094328928458, 0.5008200823336002, 0.5127415165768369, 0.5152804315126132, 0.5232974083517841, 0.5274672534304784, 0.5193686049157126, 0.5254027387423142, 0.546406946903032, 0.5520405221558058, 0.5642954475843631, 0.5874633941115903, 0.5909003670121458, 0.5871061212490987, 0.5922332174109445, 0.577160745076407, 0.5965922803936421, 0.6050977797032783, 0.606978818781308, 0.6125506833259936, 0.6321427782675859, 0.6268129788312333, 0.6366111057129645, 0.6350632677914536, 0.627347422360344, 0.6358554414042199, 0.6316064761483876, 0.6312669080321553, 0.6387610391218895, 0.6359476846690522, 0.6351824436170138, 0.6518022171838039, 0.6609729027563828, 0.6602674649336893, 0.676475269316539, 0.6744760944629595, 0.6776226872712267, 0.6918811569703825, 0.6928617390366989, 0.6907972012545018, 0.7096237591042361, 0.7070145506408877, 0.701149979570598, 0.7100207718839275, 0.7076149712505629, 0.7008110059434739, 0.7157092846004433, 0.708423414580503, 0.7049147754327418, 0.7177795130936543, 0.7097896028639548, 0.7066808471102327, 0.721019123124559, 0.7171561986597212, 0.7039264967229646, 0.7094775188561537, 0.6935248264664488, 0.691130777716788, 0.7052632289863712, 0.6982051031519437, 0.6943089975286647, 0.696518829215441, 0.6950240306173978, 0.6904786008136028, 0.6903310189640455, 0.6758242158509674, 0.6573564116963101, 0.6622261992801524, 0.6561036580588323, 0.6487865613841769, 0.6509880715541763, 0.6410482918413928, 0.6351212559499027, 0.6372155243573291, 0.627407856740142, 0.6080706507185295, 0.6097881973870168, 0.6091158339426249, 0.599184198622243, 0.5925948940852062, 0.5823006741195812, 0.5724196796819407, 0.5599962464494113, 0.5514603690489408, 0.5366770900792496, 0.5244460082636762, 0.5090103032771252, 0.4844045980430689, 0.4403687888460499, 0.4364707696211405, 0.45578985198761374, 0.46830944977535144, 0.4886005992264991, 0.49844006670988983, 0.5082607642826625, 0.50731672135375, 0.5165934934892822, 0.5240821015490388, 0.5256817222266978, 0.5370870444385716, 0.5599200997125063, 0.5544783106509906, 0.5701446174204826, 0.5800525789190987, 0.5819269431837399, 0.5840960458731509, 0.5796749360866394, 0.5833489364260958, 0.6130352620568927, 0.6295401906488853, 0.6235670914131808, 0.6228868126308741, 0.6321734439418867, 0.6285590567555028, 0.6369375093162213, 0.6277865113972915, 0.6267742857842644, 0.6290336118073588, 0.6369455210672593, 0.636300190768941, 0.6438050270571898, 0.6427641126923322, 0.6473533012886113, 0.6518781016837746, 0.6599089146418033, 0.6598491068991795, 0.6664441866223493, 0.6736135367377589, 0.6749535575362197, 0.6778086962661835, 0.6764709672491767, 0.6736782481229056, 0.669640389086492, 0.6700654290873753, 0.6694210104142791, 0.6767611705315602, 0.6738946911884086, 0.6629393473331144, 0.667471248127392, 0.6678151627732074, 0.6588111926863883, 0.6440055657211351, 0.6567015960178012, 0.6576322002411692, 0.6543724951363816, 0.6558159483761629, 0.6458710030405674, 0.6417752566017244, 0.6490593828217858, 0.640415703137543, 0.6312118507404431, 0.629536116577705, 0.6175891664631291, 0.6214826848404373, 0.606604772753813, 0.5907101346472456, 0.5846757656078956, 0.5753343335204004, 0.5688348309413138, 0.554088736426753, 0.5479663407710713, 0.5344342079383192, 0.5261556938292149, 0.5189041615086073, 0.4980899378617028, 0.48665034123471723, 0.4789635285176927, 0.46227799818820625, 0.4333734039671263, 0.4329587227408702, 0.40704650388247754, 0.3880225215106905, 0.3727472131057897, 0.34860207607375066, 0.3303397869114206, 0.3182843692086257, 0.30423171046305386, 0.30310456724251406, 0.3007184561649139, 0.48016259926826066, 0.484349312484884, 0.484156969660467, 0.4823712591052868, 0.4741001566469344, 0.4840386456110645, 0.4989288697441975, 0.4969154451409956, 0.5131361599175215, 0.5213431795034797, 0.5406637121173676, 0.5469572464143507, 0.5704378815530392, 0.5770109799899379, 0.5796542509722331, 0.5982614253939668, 0.5841688125928828, 0.5837042911583095, 0.5981928988201768, 0.5945271202874265, 0.5814719088470055, 0.5955851452980332, 0.599343838466221, 0.6160202294346988, 0.6196386154315746, 0.6127242579641132, 0.6104004617789721, 0.6160808887795235, 0.6163392117639857, 0.6372221011704609, 0.6382010337454629, 0.6436595650933526, 0.6495021420685388, 0.6579672630424593, 0.6588556695152655, 0.6693290381974278, 0.6827086029536016, 0.6817137236332516, 0.6842575082227224, 0.689496451238048, 0.6915438831855703, 0.6964058819160879, 0.6994035254857842, 0.6921360987707923, 0.6955936279048305, 0.702320765879137, 0.7050954097726337, 0.7097955825819845, 0.7085401470556658, 0.7088424637811435, 0.7030642013725119, 0.6950453505773678, 0.6974757047042208, 0.6861901166071953, 0.687371304668457, 0.6830327286406654, 0.6900887516530569, 0.6997537067774322, 0.6911294090560017, 0.6887637058436891, 0.6864956554513059, 0.6864936403219557, 0.6846274966473183, 0.6895806846640258, 0.6804291198712803, 0.6804187156279909, 0.6691347215820042, 0.6688997445931322, 0.6649082719113276, 0.6639740721193073, 0.6506268676378928, 0.6496105261738472, 0.6485688681188366, 0.6239062462081687, 0.6314159752519668, 0.6258434837559961, 0.6129325774851142, 0.6139442081559653, 0.6110700204044354, 0.5948271825880416, 0.5812766179327619, 0.5827763133898635, 0.5657012988785788, 0.5574681496621698, 0.5428601444745869, 0.5303321134707533, 0.5123072677198264, 0.5019868144038897, 0.48249655162382954, 0.48157668447769497, 0.4609244717077162, 0.4938347081539617, 0.5122324918512403, 0.4856435998448611, 0.4769914880604594, 0.5139179447510082, 0.460043089554665, 0.460345519974366, 0.5057218111665588, 0.4824580203412875, 0.48461628860949096, 0.5113732607708094, 0.5182793866166052, 0.5137030196310104, 0.5483021124136747, 0.5511700283972508, 0.5640178018831776, 0.5798016589694966, 0.5655204857256256, 0.5552248239103711, 0.5827308275581184, 0.5593420683470308, 0.5574391393807204, 0.5772577198388438, 0.5605835609151519, 0.5738988685017051, 0.605987372067547, 0.5982426261199347, 0.6061287565063596, 0.62563812675493, 0.6044560554345659, 0.6072820855086123, 0.6361474166680815, 0.6002083640895367, 0.6001292985355409, 0.631567506683263, 0.608630377852208, 0.6076553902590126, 0.6322005791164979, 0.6132561175634984, 0.6157553053932348, 0.6330311003860326, 0.6168991934421668, 0.629897486488005, 0.6553264679981137, 0.6350283706105746, 0.6387130142435792, 0.6601808581876911, 0.6409944683872568, 0.6425801273787202, 0.6664393555417297, 0.6466003603347192, 0.6512948648121246, 0.6641039642048785, 0.6499752976411519, 0.6479405282781977, 0.6631082883506676, 0.6406013681313633, 0.6388454537986543, 0.6466500778649095, 0.6295364634205848, 0.6314000740884855, 0.6355674179595698, 0.6244978461942469, 0.6225207927635924, 0.6378307107233925, 0.6187058408260504, 0.6188305631814444, 0.6294793319452465, 0.6049028669579029, 0.6095031439691116, 0.6187965017825167, 0.603430172367829, 0.6046602392153424, 0.619426542832724, 0.593053855791194, 0.5845363236300345, 0.5955836096940338, 0.5688956500081321, 0.5652490076792488, 0.5767327838149882, 0.5480932310243551, 0.5434236724624794, 0.5593894616530416, 0.5183033356277276, 0.5178591160950672, 0.5213593870773396, 0.4865745794812021, 0.47519499899694967, 0.4915485090523606, 0.47801150058544345, 0.48819395021493317, 0.535784906775491, 0.523582579337579, 0.5178284914878514, 0.5198942465483176, 0.48640613129908616, 0.5029116886961742, 0.4991324137905458, 0.4572897849425085, 0.49189547723988625, 0.48887235147735975, 0.5016719221805187, 0.5294540539927516, 0.5277316490351546, 0.525554925443166, 0.5451257226343136, 0.5519073062553178, 0.5483944615007865, 0.5670498859474028, 0.5762335725799892, 0.5929103580747361, 0.5942006158497632, 0.6009099956080446, 0.6019157908511025, 0.6002763025354441, 0.6196612577453783, 0.5775685250532285, 0.5960433208395841, 0.6108576013863259, 0.5837097243825382, 0.5906855905756112, 0.6147394171549319, 0.5846904140492053, 0.6064447682818949, 0.609932439117708, 0.5860246159962933, 0.6081350399329869, 0.6209879461018676, 0.608705226767246, 0.6204563520548012, 0.6305850261541024, 0.6156455292221716, 0.6258667643428445, 0.6274962889447978, 0.6190446351099212, 0.6299782058763608, 0.6379788896595114, 0.6367778482612229, 0.6400218071825027, 0.6527326583789661, 0.6437120817281, 0.6516360105820944, 0.6593401210769525, 0.6456331545210088, 0.6542862366485586, 0.6552541361420026, 0.6482923709274714, 0.6482664867224889, 0.6426658407843988, 0.6358586279121866, 0.6457163773635916, 0.6566270275130617, 0.6311428335014668, 0.6374160747609866, 0.6444317252630984, 0.6213749427320834, 0.6358253308458339, 0.6387562980091204, 0.601937922350384, 0.6138049977848222, 0.6249139599938561, 0.5878084967153825, 0.5997355785190708, 0.6122319713351954, 0.5824726839805336, 0.5875616102557726, 0.5960004235202089, 0.5635646599099002, 0.5631088567758394, 0.5815278293279684, 0.5493760710293351, 0.5539748658390878, 0.5551528943756388, 0.5245866274153688, 0.5357825470532978, 0.54248877974824, 0.5168083916121683, 0.5131072201485697, 0.5153378623568807, 0.48804242926483676, 0.4756719469659055, 0.48886941295521413, 0.3968363244306517, 0.3778253152043175, 0.40057741480960496, 0.40634462346733113, 0.4108017163865466, 0.42815122647737297, 0.42665981039742007, 0.4327246826776071, 0.43647009734977843, 0.4668261902836169, 0.4737607443967487, 0.4761654920507279, 0.4862680518223591, 0.4881115493989894, 0.4975903483140165, 0.5080170249054135, 0.5083362330292199, 0.5122183259399702, 0.5068675149868042, 0.5185042303247437, 0.5256703630871337, 0.5472630438029904, 0.5348302057234802, 0.5423072427953469, 0.542212896597514, 0.543297111451965, 0.5269303187892372, 0.5409197005341225, 0.5455512434357801, 0.5601974037206567, 0.5672514097444529, 0.5575609194010215, 0.5721016138255351, 0.5799355545855345, 0.5847650510991265, 0.5902859510542237, 0.6016348774089497, 0.5967060508044688, 0.6060258453593126, 0.6222439930405016, 0.6202874427836492, 0.6264340084205233, 0.6207481351831564, 0.6107999712047154, 0.6222819662719018, 0.6251790726279399, 0.6161577902419803, 0.6194357019983712, 0.6239237107409563, 0.6218660911722405, 0.6260801059507818, 0.6315612887619424, 0.622177707503264, 0.6291294741966342, 0.6329602476588628, 0.6237455567387318, 0.6390063039563316, 0.6440037827296283, 0.6375295068695441, 0.6418701752681044, 0.6508722726225638, 0.6420276528414839, 0.6471945875606562, 0.6560500087190885, 0.640067417660257, 0.6328049756055167, 0.6336064712092461, 0.6336033462840525, 0.6383761462398156, 0.6303757012964769, 0.611395248728053, 0.6086001810805068, 0.6095122718013709, 0.5937257644017327, 0.5926341061651975, 0.5866976999020198, 0.5791955939838389, 0.5751613737225931, 0.5626968424913829, 0.5581026441032172, 0.5395518635454317, 0.5480306298838021, 0.5257610847783328, 0.531546387629705, 0.5242140406676332, 0.5093033085099014, 0.5099611501099796, 0.49889268926021313, 0.4821424851989482, 0.4702817493090269, 0.4570541225368671, 0.4379636917932483, 0.4413745686889103, 0.4131186055871707, 0.416128191896569, 0.40837749057744666, 0.42044177852636916, 0.4212222773663644, 0.4351206875745679, 0.4351094731956022, 0.46361550043982624, 0.46973797627614045, 0.4737796563546902, 0.48680156316206574, 0.47356463806247245, 0.47055359148164966, 0.4948044239611139, 0.5079601228909726, 0.5190337920870153, 0.5299184482479309, 0.5337982308317494, 0.5284305258851586, 0.5436626493214017, 0.5497663325316212, 0.5666434572348873, 0.571614671444721, 0.5756482471028943, 0.5965947336808455, 0.6034203211636601, 0.581177172296257, 0.596059406545685, 0.6049171557015485, 0.6019457226377788, 0.6074717089828608, 0.6213736634953143, 0.6098929241295674, 0.6196362140392027, 0.6310558976879594, 0.6287057940399654, 0.6397846244015571, 0.6464667870298508, 0.6339775448228466, 0.6397231600081272, 0.6537786234386767, 0.6397670509012918, 0.6410671263425868, 0.6474506932503076, 0.6365593201801629, 0.6407201064258935, 0.649596706595688, 0.6339482137805281, 0.6323808178041957, 0.6413835910699403, 0.6407840011379549, 0.6570182821054203, 0.6657218017600369, 0.6511038900426559, 0.6649132581692228, 0.6655748295057845, 0.6491213027047471, 0.6588362831665848, 0.6685225327287966, 0.6411747994506019, 0.64225405788153, 0.6450579083731882, 0.6189473276225437, 0.627471668304551, 0.632303813529762, 0.6076301369692816, 0.6132001943027338, 0.612637089901554, 0.5898146183872893, 0.593052641489079, 0.5936505438802437, 0.5727126127578639, 0.57099932587011, 0.5792500806527909, 0.5480131996980255, 0.5475125422153881, 0.5493953384222546, 0.5229103044325196, 0.5212945570890575, 0.5257068711541385, 0.4920531727168505, 0.4885928442938149, 0.49836226111652404, 0.46380828465283813, 0.4572074611957104, 0.45750600117077433, 0.42618889373193464, 0.4253046750736137, 0.41753129905416275, 0.47055526703339773, 0.49373572483462913, 0.47470562509250197, 0.49392854426204286, 0.5273907617195772, 0.49744410009834183, 0.51386035842901, 0.535219860485422, 0.5261186178145724, 0.5300821988391475, 0.5552558640927865, 0.5332714377971727, 0.5230463866659457, 0.5506003655012381, 0.5301326454581387, 0.5386818471671436, 0.5560338021059331, 0.5366830122493459, 0.5417487997133882, 0.5438323230769863, 0.5269475050222661, 0.5328867042384239, 0.5559601179566569, 0.552806646407983, 0.5771887077336053, 0.5962149652169207, 0.5834423439110082, 0.5981637532103773, 0.6032105332873493, 0.6041636808295514, 0.6091393180549896, 0.6201547944699495, 0.6023180819961365, 0.613187001404952, 0.6182394887028717, 0.6035616358700086, 0.6044707756012142, 0.6148911255994625, 0.5924882286672315, 0.5971648404480127, 0.6092904645878748, 0.5954229985797371, 0.5986996794602858, 0.6066188721600395, 0.594843985796991, 0.6085121235472933, 0.6180832910542163, 0.6055238183206881, 0.6003828682631318, 0.614039405155274, 0.5927016282554091, 0.6031510696751252, 0.6028555119863657, 0.5883192832465205, 0.6051069109784546, 0.6352487542540199, 0.6184672058909474, 0.6251720778987148, 0.6266224768345786, 0.6215139431981689, 0.620038187110562, 0.6238094943114507, 0.6052429277416755, 0.6065052378654432, 0.6205295569510775, 0.5892903507933434, 0.5925742757072177, 0.6006698663822657, 0.5768774180554616, 0.5827082543034569, 0.5856406160618097, 0.5564279739383319, 0.5513658717386063, 0.5591720278747841, 0.5414401401303566, 0.5339498663929675, 0.544763838658032, 0.5185713597029373, 0.5111486362824782, 0.520807958034788, 0.49125244927767414, 0.48960907478846155, 0.4897089787549434, 0.4619160507287814, 0.45529281278221434, 0.4444100181500662, 0.41926530325272615, 0.4142129387411305, 0.4047199045843116, 0.40610913958370853, 0.3871708267320681, 0.49839933463130454, 0.48923361546593525, 0.47994150656209306, 0.47677855092604815, 0.46229636109301186, 0.4889620559146364, 0.48152165082059345, 0.5116213528291933, 0.5282213662003484, 0.5178465712389915, 0.5367124425861489, 0.5370773022820265, 0.5472340306478087, 0.5623692528571427, 0.5645879328027728, 0.5944842943645626, 0.6032302909190994, 0.6098745809723399, 0.6116851256951759, 0.6175173316505219, 0.6098941308436475, 0.6080227756392648, 0.6018218109807455, 0.5985119451361469, 0.6057342379389753, 0.6127945774920712, 0.6033767702638936, 0.6067402310581916, 0.6063618808892177, 0.6046749871410122, 0.6034824317748713, 0.6088354499840748, 0.6146792506572555, 0.622630750427016, 0.6256978768721847, 0.6350408062135773, 0.621984578403398, 0.6262811613550722, 0.6246678087691692, 0.6264176527188864, 0.6224516259015153, 0.6257944073659081, 0.6288093009885638, 0.637375790055809, 0.6446213666311567, 0.6519005708360446, 0.6548646596850515, 0.6498280561321792, 0.6495879859551839, 0.6575847559521738, 0.6550110466104972, 0.6604961281856058, 0.6547317512122088, 0.6631823066032164, 0.6561537020536861, 0.6500049049410611, 0.6367271724230573, 0.6351959186280716, 0.6295189472239187, 0.6214268970484631, 0.6147864826881355, 0.6149648504909992, 0.6070052714019838, 0.6047397077218415, 0.5875817173824186, 0.5823802628830139, 0.5735655235679813, 0.579299818815805, 0.5614109673981494, 0.5470672597529631, 0.533830930214195, 0.5459252569914093, 0.5536800660388617, 0.5194074314960638, 0.5375955603089141, 0.5327661310264836, 0.5307676701060908, 0.5196381500341989, 0.5012716103599353, 0.5013158447179799, 0.4898889453111457, 0.48158378983976946, 0.47109275579189014, 0.4479937451838709, 0.4437919074773915, 0.43040746703593746, 0.4238386257422013, 0.4003414730582678, 0.40789067227003917, 0.40257179595829745, 0.39627761705572445, 0.45442994895928024, 0.46905057412220097, 0.4693654946702583, 0.4534485784442627, 0.47783839692569857, 0.46409374221730976, 0.45411012078546037, 0.46190951515396006, 0.48384592994526454, 0.46409372816114514, 0.5192242258556684, 0.5175234350775114, 0.5137571137263157, 0.5232146634043838, 0.5313636488879653, 0.5355647172712142, 0.5454854666980034, 0.5359481427937008, 0.5479172957590996, 0.5635037417172444, 0.5799182057044884, 0.5687773076767971, 0.5793678155437215, 0.591292578077354, 0.5749079064017905, 0.56814629367416, 0.5716268022547751, 0.5806522667738687, 0.5786788726726396, 0.5822419851828684, 0.5770228148940049, 0.5876756582344738, 0.5975411902251103, 0.5934182426479998, 0.597180861834657, 0.6177789642024237, 0.6219455449511484, 0.6324643028549743, 0.6366616631105535, 0.638216344458976, 0.6566996689924676, 0.6561718637625924, 0.6492745024701199, 0.6477594526926509, 0.6498828696211775, 0.6487694446776924, 0.6511538562306358, 0.650386806506752, 0.64832223099536, 0.6566168798066034, 0.6595386069625208, 0.6528177855334425, 0.6541184184956159, 0.6512672214161301, 0.6445128963622007, 0.6554945072008702, 0.663077192929825, 0.6489354957765275, 0.6690398400118731, 0.6607013386686573, 0.6493693914344079, 0.6563984787336693, 0.6487878217284067, 0.6407438793667264, 0.6530198903419981, 0.6519334923489556, 0.6430430505225779, 0.6457040095644335, 0.6460409041849942, 0.6244437963873862, 0.6251017240868806, 0.6195770642703473, 0.6121728560566724, 0.6103155572208873, 0.5991795256173637, 0.5907085602152049, 0.5843122567008527, 0.578973668271244, 0.5634051408897011, 0.5538375762409886, 0.5535097534043429, 0.5411158667731015, 0.5230426411562521, 0.5215127260876722, 0.5090189300920547, 0.48508136532493645, 0.47970501898370943, 0.48308187877062386, 0.45709818620020654, 0.4540397581427391, 0.4455281956438758, 0.5297039909539908, 0.530669283025671, 0.534143775420191, 0.5434773881146242, 0.5591714616676988, 0.5658571002418146, 0.577756299691438, 0.5849593317454955, 0.5931707925765266, 0.6107744601920901, 0.6011189194134933, 0.6212448355784477, 0.6089023659047309, 0.6183660216588596, 0.6253982588216747, 0.6254108727723471, 0.6201175152327929, 0.6231766491046203, 0.6221567840273923, 0.6249587252201578, 0.6448439711461306, 0.6514782221773194, 0.638594880396865, 0.6349975138291375, 0.6371110452523164, 0.6350176540501153, 0.6459325321532394, 0.6510059437869248, 0.6463330900294018, 0.6569750291384878, 0.6591060502724703, 0.6655591646599673, 0.6702394811401886, 0.6776030344053188, 0.6745299241073838, 0.6825809960363871, 0.6833072170631544, 0.6748249349575184, 0.686199937451666, 0.6888476620196364, 0.6749630115765449, 0.682119979413631, 0.68469306303091, 0.6771129591508612, 0.6909980123454057, 0.6978617052829277, 0.6896830180205593, 0.691103979295366, 0.6963275136110917, 0.7011026722323489, 0.7117635777244391, 0.7184700485007348, 0.7127451818600461, 0.7137563456643893, 0.7107968401676465, 0.703314767607813, 0.6941189055497414, 0.6795043314464075, 0.6691294004554645, 0.6617064095735273, 0.6525729566516658, 0.6456435667335333, 0.642381823358631, 0.6439355735409834, 0.6284397766607323, 0.6212897569714801, 0.6190062978852598, 0.6127460558296293, 0.6108761943070862, 0.6048394321285144, 0.5858914674963915, 0.5835014456773441, 0.5887093402307952, 0.5696911211444683, 0.5722483361930628, 0.5682620094714527, 0.5529382256029001, 0.5494497612053162, 0.5394296200784909, 0.5216146794513912, 0.5187706816420694, 0.49896013609022893, 0.4926514875557563, 0.48912341838689166, 0.4822922500467025, 0.46625109374598317, 0.45546490285377006, 0.4419760788740924, 0.4140501813865899, 0.3970696829214563, 0.38341873665637893, 0.48508338970413667, 0.4688696579730111, 0.46948492551929616, 0.4723551499572416, 0.4758455745952313, 0.4554092708578747, 0.4552083427953989, 0.43867405740460874, 0.4318250554003619, 0.42796691455702446, 0.4242349115980241, 0.44332740109853874, 0.4463237502179759, 0.47224062703152503, 0.4853106715954387, 0.4968665012097928, 0.5113370261473574, 0.5151805897491409, 0.5240703278744179, 0.5349031638743733, 0.5427005030271992, 0.5229808497150249, 0.552589170392616, 0.5538894038799985, 0.554931546559313, 0.564628872706749, 0.571541486527035, 0.577313661318386, 0.588091785357053, 0.5972364515265065, 0.5999718847494508, 0.5952895007634221, 0.5968269535122099, 0.5986838992333567, 0.595582268641378, 0.5981255635206024, 0.6093380312768886, 0.6189768843550094, 0.6197591194123275, 0.6242348782493067, 0.6278119132150071, 0.6317411296221684, 0.6395078304923132, 0.635724529629503, 0.6351765966373123, 0.6417692696564394, 0.649597610260957, 0.6419605209004939, 0.6390891556361105, 0.6316188037925723, 0.6307798137972755, 0.6415085913804885, 0.6343179990580122, 0.632286070579705, 0.6427605337376289, 0.6456138021175727, 0.6447097399346904, 0.6447449338563618, 0.6407228121151547, 0.6391953264231365, 0.6356257096506182, 0.6332174549493151, 0.6254959625416964, 0.6215129710602595, 0.6069615982483487, 0.6090210965638531, 0.60378391218436, 0.6016548312310859, 0.5926285003410589, 0.5952909708708473, 0.5977633192949416, 0.5792027362010107, 0.5848425332092567, 0.5847394068722813, 0.5599659519054698, 0.5720987026574779, 0.5551673643758486, 0.5532064122321682, 0.5198789868629519, 0.5272485605645743, 0.5185669338566629, 0.503816752735179, 0.48918818432835165, 0.49839721258492886, 0.48700539085912786, 0.47979902146032327, 0.4663409992702637, 0.4479684782410709, 0.4391485387799591, 0.4345976213881784, 0.4305418795257543, 0.43019719711559073, 0.4153743041322712, 0.4264983532679638, 0.44530844131492775, 0.4162792361903902, 0.43533321830272664, 0.41982265982291445, 0.433569534436752, 0.4384337643430163, 0.41322926083233164, 0.45806213982678645, 0.4462895702084639, 0.449050269416125, 0.4805254617655986, 0.49037672465350385, 0.5005819261409368, 0.5164586988492295, 0.5243181319664002, 0.5469501569340125, 0.5387232481020299, 0.5638654551244804, 0.569705865471258, 0.5711024658449431, 0.5749294353587855, 0.587134904988075, 0.5944135350442523, 0.6053929613373775, 0.6072820129010091, 0.6072552558295686, 0.6107779282694735, 0.617015777508157, 0.6141354204249571, 0.6168659086441359, 0.5984452503687455, 0.6063552831506268, 0.6028067744825536, 0.593329445948641, 0.5983162382175057, 0.5992250001299393, 0.5949768231923869, 0.6095543511890856, 0.6112318330269675, 0.6078898169653367, 0.62150365227285, 0.6260886043604142, 0.6288454378094122, 0.6288848815518282, 0.6292343709481756, 0.6282779077255636, 0.6276421823573104, 0.639972639163667, 0.6394402769477143, 0.6479791848331282, 0.6453010496328456, 0.647071164830423, 0.6422084417309603, 0.6406361507552301, 0.6276339927284336, 0.6334806700800165, 0.6341449431924455, 0.6293803090870075, 0.6344619515203554, 0.6223654203955864, 0.6110064117936808, 0.6192564228360906, 0.623202329920892, 0.6080064670774498, 0.6213102498818563, 0.6112362449370483, 0.5973958348253728, 0.6055723675242793, 0.5892079628010582, 0.5666734080572033, 0.5806100098019737, 0.5657765732026236, 0.5492512833697563, 0.551187222379081, 0.5306307746524545, 0.5170054727741923, 0.515270137402871, 0.5069978373352914, 0.4873715731752419, 0.48778346252751337, 0.46451333930769134, 0.4512695037767004, 0.45880974216906756, 0.4410331975565208, 0.4056993428699798, 0.42408295065438817, 0.3970113249491288, 0.3815330937398245, 0.4489614129996548, 0.4558788609146215, 0.4196396849281932, 0.4392210100382941, 0.44404179097246166, 0.43943862661520844, 0.43820098194276713, 0.4403890509695137, 0.44551046908063385, 0.4443506257151879, 0.45935906329728365, 0.4708953713185026, 0.47428068443522975, 0.4938435072095781, 0.49277976627815157, 0.500225748304026, 0.5154174522595462, 0.5147117865327288, 0.5297780684952877, 0.5546601505057139, 0.5447009018553097, 0.5694360684136529, 0.5740927187309236, 0.5788061378239898, 0.5956756276930948, 0.6037338698051978, 0.5960382401447014, 0.6040840143466358, 0.6042532001470994, 0.6108071951529475, 0.6101246320147631, 0.61509999620541, 0.6105540148828738, 0.6209145568711724, 0.619137831777059, 0.6183893071232173, 0.6161441184733286, 0.6100926441744475, 0.614108741642318, 0.620438954531492, 0.6181783674781116, 0.6177647114269421, 0.615947524286294, 0.6155885257325617, 0.6249507203253727, 0.6269634800889894, 0.6295960825247612, 0.623416282298172, 0.6225182422031128, 0.6324307103501464, 0.629756314415638, 0.6360761331894484, 0.6464350701964905, 0.6436062052683158, 0.6369254735096368, 0.6522117545386014, 0.649534385704216, 0.6421690955415827, 0.6459894445410653, 0.6379063182213578, 0.6342546090237802, 0.6258576210168609, 0.622238225007869, 0.6166193242340448, 0.6380726236033681, 0.6252474563745386, 0.6041766128980509, 0.6055418032809101, 0.6102549485949851, 0.5995825079799332, 0.6042897759773551, 0.6029854070383504, 0.5846160450542995, 0.580834501874113, 0.5903158669378555, 0.5824875381570445, 0.5811627906782502, 0.5697245636833116, 0.5591615366767371, 0.5458292089320335, 0.5519484101129208, 0.5423338432633076, 0.5403290844602386, 0.5223911537992493, 0.5108970645396012, 0.5051361811619588, 0.4922266008515006, 0.4840916652438919, 0.4860975352956963, 0.48438370903049216, 0.49734129869675514, 0.4504288840433387, 0.48432206932924504, 0.45113151910995397, 0.44797202727323837, 0.4801451272729975, 0.4601044938148382, 0.4654686359570528, 0.4889225551351033, 0.4750938575574454, 0.48344135599770477, 0.5233660791298147, 0.5179106238374225, 0.5214098332084015, 0.5536495865512305, 0.5325428375128474, 0.5187696525600082, 0.5637896425433667, 0.5338423125866599, 0.5433271416590495, 0.579776850844764, 0.5909721948584064, 0.5914832752371593, 0.6143524496497409, 0.6000705638655962, 0.5948496137047952, 0.6162821497630002, 0.5937899498709552, 0.5888981340609052, 0.6154517364269231, 0.6038458788989387, 0.5976667965926706, 0.623227519038187, 0.6046801443683727, 0.6022481769442232, 0.6281602247906596, 0.614564887352569, 0.6142922018858565, 0.6436722492824876, 0.6233925690902298, 0.6210872426015311, 0.6400267836134513, 0.6162279412873378, 0.6152909341478334, 0.6346721600352317, 0.6209548546398359, 0.6271874700140199, 0.6422011626983992, 0.629485322010712, 0.6293091057757394, 0.6535281059151159, 0.6388772913675201, 0.642846629330756, 0.6574476040513668, 0.650793294211684, 0.6550707227762841, 0.6696770328275803, 0.6381790161891987, 0.6368193878933428, 0.6393807370744944, 0.6219020155042254, 0.6239104495237443, 0.6372260796413642, 0.620705478684003, 0.6208704178853329, 0.6242293970666708, 0.6062695919554618, 0.5996186708088806, 0.6121106930151371, 0.5979502668220684, 0.5834523479551321, 0.59849703344599, 0.5750232585477855, 0.578748625570036, 0.5844513803863074, 0.5782243123221217, 0.5697460731406813, 0.5866867196073713, 0.5554156132762267, 0.552456660695926, 0.5612762970065217, 0.5360554796082703, 0.5352207976696717, 0.5493470722712777, 0.5216280904341326, 0.506580124672548, 0.5147890566272386, 0.4929500115148087, 0.48477156957981804, 0.5026135818622764, 0.48678064468340787, 0.4914025925952088, 0.511953044315778, 0.5134178552335229, 0.4988175641972404, 0.5047796308845833, 0.5017495031391488, 0.48997609250369834, 0.4875427257729753, 0.4940669389461607, 0.49042261828203787, 0.475548201238679, 0.47871471544808686, 0.47261519234439875, 0.4840875033590434, 0.5069234857673639, 0.5063981546363132, 0.5061320467112888, 0.5048988594982815, 0.5283685810855597, 0.5315181877889571, 0.5447754334184254, 0.5650207962705144, 0.5591956487102605, 0.5509775404229126, 0.5861226230388785, 0.5969548737402082, 0.6034968420761035, 0.6154195319340559, 0.6249525189573812, 0.6279624680882064, 0.6501956637099069, 0.6521050368843284, 0.647328330497212, 0.644925354504516, 0.6405349104961953, 0.6348170141016715, 0.6479760521711075, 0.6374714801957039, 0.6432436721895574, 0.645804546926398, 0.6490858088857078, 0.6543694231359151, 0.6534478001879799, 0.6577349769189061, 0.6597533354296768, 0.6665349551659239, 0.6614963095621169, 0.6699295625062394, 0.6746502274275041, 0.6761653315651708, 0.6780263617005333, 0.6860412377755623, 0.6828890177991223, 0.6784417521867827, 0.6750207879137053, 0.672561163409058, 0.6720253592318179, 0.6742716295674676, 0.6745167628403859, 0.670323005914365, 0.6767839744402285, 0.6739839686187277, 0.668884435665102, 0.674686649915637, 0.6755745902470907, 0.6699509399893651, 0.6794575752501074, 0.6774783208864766, 0.6648840166945857, 0.6781402964860088, 0.6713535062652725, 0.657969715904475, 0.6658475986919132, 0.6659168032796379, 0.6444634499547206, 0.6440451977833663, 0.6262176846682189, 0.6329382259461622, 0.6212270163821948, 0.6238872083202992, 0.601583123994275, 0.6034625640082955, 0.5935357972399353, 0.5820628535660806, 0.5658553982287576, 0.5669858397550421, 0.5521689313125128, 0.5493080629490444, 0.5370290945199037, 0.5181556652220749, 0.5147786882871508, 0.49934666499767305, 0.4839922272093016, 0.48869531007800604, 0.49408097301070586, 0.4791571398901952, 0.5146557208017251, 0.5153360252644025, 0.5059220052574178, 0.5392098037075175, 0.5529137761179745, 0.5468755437392964, 0.5474665788375155, 0.5614752617682758, 0.5597192176390706, 0.5619943107119629, 0.5794975588064465, 0.580663388911341, 0.60113267626249, 0.5886612280256658, 0.5976330469009541, 0.6139151541740918, 0.6160073028604098, 0.6157665207449473, 0.6201130944220933, 0.62762516940844, 0.6248777450973314, 0.6342827210133197, 0.6447108334520686, 0.6385822028837922, 0.6370939623174361, 0.6511027770533425, 0.6488484317717662, 0.652938623490519, 0.6607104512649973, 0.6663158745924622, 0.6695470633238468, 0.6662713945395305, 0.6618162409403668, 0.6710304062742631, 0.6736188661430167, 0.6730360094831156, 0.6784398777558671, 0.6822389502607001, 0.6764334467670848, 0.6860316905947789, 0.6896205115230475, 0.6832957487746638, 0.6828180405986258, 0.6873561376888895, 0.6766326161539169, 0.6834591060799446, 0.6874631637715329, 0.6785293421702374, 0.6755824283948703, 0.6712667826647236, 0.6623895994376505, 0.6605463408782353, 0.6686389841834539, 0.6713520013347399, 0.6791808842216414, 0.673289349545819, 0.6602809798677877, 0.6656820824528897, 0.6629464781858011, 0.646525636581466, 0.6348042849665813, 0.6357928779278572, 0.624137168873173, 0.6139681960458895, 0.6118058925039467, 0.5930932918573811, 0.5837696586370982, 0.5852495163555853, 0.5719608148684424, 0.559923360153313, 0.5504187369608846, 0.5434462598705347, 0.527691677509625, 0.5229586818116637, 0.5088432420677647, 0.4948452926430685, 0.4849456314948543, 0.4646687156844952, 0.45422786435747164, 0.4358078119622773, 0.4299117753218139, 0.4100049740932007, 0.39277480243371254, 0.3779769898299017, 0.36239539886771854, 0.331750387896317, 0.3250220835117761, 0.4851440186448935, 0.4889353685873335, 0.47914183894682294, 0.494565329628603, 0.49911469096024746, 0.5087620569296634, 0.5094708303604635, 0.5161483253652425, 0.5114486853548076, 0.5363874687636435, 0.5296508350314945, 0.5575778458149947, 0.5632973328548412, 0.5749444828995585, 0.5731147751577119, 0.5706225470799278, 0.5688879353907589, 0.5708763156391885, 0.5777944607580918, 0.5755756500981278, 0.5688245436492332, 0.5674356205368583, 0.568808822006381, 0.571742143733864, 0.5709582897875469, 0.5629116968881315, 0.5729036662421108, 0.5792424430978704, 0.5760169216425369, 0.5898820730117276, 0.5987635922123027, 0.6046146137997961, 0.6079085832664932, 0.614371890116766, 0.6135866839109843, 0.6225412839611368, 0.6206911353829168, 0.6331223274583219, 0.6364268739146637, 0.6398223157044269, 0.6322820824991371, 0.6301853432681587, 0.628544214152607, 0.6298037110154664, 0.6283788260703891, 0.6341232009732963, 0.6336684299521382, 0.6437293814426469, 0.6557635071786856, 0.6517868597855546, 0.6560795376370411, 0.6637637094322792, 0.6557785533608635, 0.6613039230060361, 0.6566065967369488, 0.642875777867365, 0.6386185551229988, 0.6377962598536653, 0.6275812481864799, 0.6364664426322635, 0.6413930438160456, 0.6295270523095647, 0.6247910953909122, 0.6175459019303748, 0.6083356676352196, 0.6024491952020778, 0.6067273502781185, 0.5970036917875503, 0.5930997191724471, 0.5890634404408117, 0.5792672087027747, 0.5698077554604108, 0.5563966316051716, 0.5589022278614915, 0.5470753375483072, 0.5475482895978677, 0.5373226648511568, 0.5306519808407195, 0.5259620116958312, 0.5172987075839217, 0.4963997188587578, 0.5048017469184081, 0.4909522435799656, 0.47819302608480113, 0.46797309392468733, 0.46687597330724523, 0.4574495698506577, 0.4399866336625212, 0.4444368000595088, 0.42392696774510324, 0.40983244648959694, 0.5047737109916282, 0.4928317105874919, 0.48108035019921236, 0.5089614098535435, 0.5337825762441673, 0.5439352018102553, 0.5534871463316889, 0.5608758812672588, 0.5591930431641361, 0.5674517314591908, 0.5651776559416141, 0.586348305510938, 0.5903734439537645, 0.5891182692158099, 0.585744976574438, 0.5740979720451453, 0.5669136706362684, 0.5827774149845808, 0.5967357992175972, 0.5887605429047517, 0.5964515790082909, 0.5930976953923863, 0.593049180288821, 0.5997468539284891, 0.5911807201843218, 0.585981435561444, 0.5950222367744131, 0.6097114374465931, 0.6123209014445047, 0.6301196888037839, 0.6341204937750553, 0.6327334609290536, 0.6395740712476068, 0.6430043427089814, 0.6325238583195613, 0.6488764283200541, 0.6526648770989442, 0.6515598079655057, 0.6622244001623673, 0.6611549065029374, 0.6552531042381747, 0.665002158142782, 0.6634668774378106, 0.6558566698033722, 0.6660541457864286, 0.6734399384181043, 0.671406805116791, 0.675904659412839, 0.6801135083460499, 0.6811883814158399, 0.680117329636984, 0.6714897753374292, 0.6592006550514279, 0.6599133029341937, 0.6457458400056992, 0.650922450403304, 0.6530960288392356, 0.6445539828828009, 0.6387447518549302, 0.6382118404103233, 0.6384447853973293, 0.630700834052108, 0.6311462943839901, 0.627539619816565, 0.6262115295387065, 0.6308940685640234, 0.617353159428836, 0.6192976968902828, 0.6096909207232075, 0.6121965349923668, 0.6102810616702529, 0.6057677807593342, 0.6064880842432139, 0.6061606016226248, 0.5987921075243793, 0.584418094933417, 0.5734548436886114, 0.5693430030406528, 0.559728784265242, 0.5429094220108086, 0.5426906128759338, 0.52510796650045, 0.5112270237177939, 0.5175423261017347, 0.4997775581006342, 0.4774888041579677, 0.46589794726241457, 0.46622144923965964, 0.4519259247463588, 0.4539371484991328, 0.4598367298834506, 0.4182104074257985, 0.41466621480475896, 0.4330887641600439, 0.438727973711488, 0.47042532115967783, 0.4583519743128167, 0.48533733423603354, 0.4860325986702464, 0.5013372392041859, 0.5005454737568398, 0.4911632427690735, 0.5087493166443718, 0.49626195005735546, 0.497819954951197, 0.5192914276068895, 0.5298158606180322, 0.5340238206386895, 0.5700060860444381, 0.556974357635381, 0.5761026567277886, 0.5920517785947432, 0.5915410024198953, 0.58943750372696, 0.5910155138361954, 0.5784072035992808, 0.5806232848715641, 0.589917624962929, 0.589422762074416, 0.5873621094241962, 0.5914864801419879, 0.6056181037638986, 0.612356577386868, 0.6129057780245543, 0.5941702068467355, 0.5952520426955613, 0.6032111891071349, 0.6052584189376808, 0.6028396652614122, 0.6074581074456087, 0.600766807193977, 0.5972639635913221, 0.6074732124418113, 0.6055611419028994, 0.6066899760534086, 0.6110530860396842, 0.6117863386271993, 0.6128206089237808, 0.6253575117623758, 0.6272425037485447, 0.6241766086553682, 0.6250612047436146, 0.6191208531773295, 0.6132662993926279, 0.6138202974890803, 0.6086704743396018, 0.6041653539316882, 0.6145459167958898, 0.6135888113502693, 0.6116005649358147, 0.616289404843018, 0.616563235317747, 0.6017468332521162, 0.5989769780076452, 0.5949783429573408, 0.5886245421027673, 0.5893558552179998, 0.5878131993975256, 0.5839376167560417, 0.5847832807544817, 0.5805074892208596, 0.5726422658024659, 0.5773089073537383, 0.5668339507529141, 0.5564058208596762, 0.5518701031574267, 0.5432612123666867, 0.5356451545948188, 0.5262673811652404, 0.4890874238961049, 0.5021963787856314, 0.4953001576367376, 0.4895292122863881, 0.48238031488121713, 0.48064756481926424, 0.47487730638780024, 0.4555452215200711, 0.44965518105994284, 0.4409175383914826, 0.431982612416314, 0.43465798466328287, 0.4335792217363902, 0.429911440698895, 0.43543612512061497, 0.405800238259203, 0.42288072475077665, 0.42199390841931317, 0.43527736886675183, 0.43500375673479125, 0.4480839105616473, 0.45601140750990543, 0.4812657469351106, 0.49011579001181194, 0.49813878034278114, 0.499801296912418, 0.5105301729718887, 0.5138146523281051, 0.520190490015272, 0.5327048585857797, 0.5469873969670797, 0.5489945120074978, 0.5503073546738207, 0.5644067902702273, 0.5756754599278224, 0.5596041668273009, 0.5774701896851463, 0.5814678328375111, 0.5913360784991422, 0.5885301082089536, 0.5901576417819369, 0.587885317862717, 0.5869949038171935, 0.5878921439732068, 0.596362433097106, 0.5960924237524016, 0.596785929616786, 0.59662854578356, 0.599787072840232, 0.6049117431290252, 0.6054729778542308, 0.6068033964550481, 0.6121793341013463, 0.612170207953315, 0.6140857037055246, 0.6107786048096808, 0.6116939271672618, 0.6163489842277916, 0.6219544514512464, 0.6193827073720349, 0.6175458131709328, 0.6132970113337526, 0.6185176711334408, 0.6248596479149398, 0.6284908633085611, 0.625692786083171, 0.6287960248023814, 0.6308543046041343, 0.627225846391186, 0.633751365269476, 0.6309525657210723, 0.620991888528247, 0.6181264658568757, 0.6108353930387779, 0.5957555940246455, 0.6060643830174846, 0.6164738445200955, 0.6064479709971593, 0.6105759998315796, 0.6114891971604542, 0.6068713032021199, 0.608042365070073, 0.6048783485050159, 0.6011673687627911, 0.5980839328775452, 0.5958343184134802, 0.5905891868655728, 0.5898476687987716, 0.5822675059959459, 0.5708179993084643, 0.571894497088024, 0.5652046398127594, 0.5493705698358673, 0.5432648013274375, 0.5271278495137045, 0.5265777019398523, 0.5129150621353161, 0.5033978320004664, 0.4982469758100346, 0.4882732353932091, 0.4825303278478923, 0.4721957873287015, 0.47039241676224997, 0.4635834305034152, 0.42594662781700215, 0.44654423629369894, 0.44864574252105194, 0.46798197968876054, 0.4630197226122942, 0.49447122719204945, 0.5093498054035248, 0.5208483576538383, 0.5208774246049326, 0.5239811796087075, 0.5309261484510528, 0.5440169578004822, 0.5409507422427349, 0.5584478140470649, 0.5426833815708383, 0.5501334402070989, 0.548546160668572, 0.5534787208503611, 0.5490575545165921, 0.5541345018790464, 0.5555180792569464, 0.5610387984347517, 0.5543338414977167, 0.5573653455375461, 0.5641301446883705, 0.5547155371095807, 0.5594418863716879, 0.5588343598544965, 0.5804603727751246, 0.5871116409625786, 0.5849226501754768, 0.5971648530757014, 0.6088469385394504, 0.6114326020462686, 0.6255466799085363, 0.6355476392030461, 0.6348262770422783, 0.6393731423611279, 0.6269133363673707, 0.6207741991599672, 0.633826217477505, 0.6280604739480453, 0.6307639288752651, 0.6357709740931168, 0.6370240612576453, 0.6418295670013161, 0.6440626307520492, 0.6462206602576479, 0.6496749138533, 0.6587673180147555, 0.6536418763897714, 0.6546988271792017, 0.6595361764428134, 0.6600731945741724, 0.6620190710478372, 0.6672922753439339, 0.6635343279967009, 0.6613669316234251, 0.6598906905014835, 0.6493440727539282, 0.6384144869836317, 0.6382873151484687, 0.6329997637844338, 0.6278077621477136, 0.6287624087008872, 0.630466918594235, 0.6314598334629684, 0.6309091413604873, 0.6221447655158335, 0.6166185210447316, 0.6151603798189567, 0.6147570567616898, 0.605256890282992, 0.599084687512684, 0.603975643902528, 0.600803287431895, 0.5988140124615696, 0.5944985197621879, 0.5859752698338766, 0.5850086883105784, 0.570584794871783, 0.56645611182434, 0.5607106125429883, 0.5557474093340034, 0.5447826670259545, 0.5517291196991696, 0.5368846512063575, 0.5190729600059697, 0.5142004530390603, 0.5122856453807061, 0.5028218476023951, 0.4497751717809275, 0.47013797068893237, 0.47717528497214134, 0.47949984346921315, 0.5068808658708188, 0.5111667179246482, 0.533742816413857, 0.528062813555646, 0.5325013813411809, 0.5431234316871997, 0.545187326014046, 0.5346278282585278, 0.5354667674906002, 0.5547265701677626, 0.550531347877353, 0.5549324746994269, 0.5445992834175911, 0.5429426738846334, 0.5615665788754927, 0.5678514203721139, 0.5702004143700321, 0.5782900701206253, 0.5755047284884568, 0.5681829474935064, 0.578006623502823, 0.5898974887420708, 0.5878993065223768, 0.6004423360974445, 0.6103722430114853, 0.6192120608967601, 0.622816923083066, 0.6263135117426032, 0.6289212073810149, 0.6260610304365901, 0.6339103411503384, 0.6326499823519903, 0.6304531275611494, 0.6322772436783459, 0.6201899142101234, 0.6268196288180116, 0.6398542198740689, 0.6289246352823452, 0.6293718457695415, 0.6360661212707259, 0.6271115489265212, 0.631352214144723, 0.6425840968257105, 0.6416100247681162, 0.6376095202639878, 0.6382254814926827, 0.6235771881154939, 0.6252588762793573, 0.6251311199413979, 0.62027461211373, 0.616138196826793, 0.624775923152847, 0.6257857831607534, 0.6202618468293997, 0.6179402540401451, 0.6152671991643714, 0.6124869902032144, 0.6089667926719907, 0.5952542160523069, 0.5879276475904139, 0.5809678613654101, 0.5845756036063751, 0.5724159469768763, 0.5598276994802707, 0.5534013503844882, 0.5461291307442779, 0.5304119921001347, 0.5163288304847522, 0.5120520156981753, 0.5239922009767095, 0.5069604856422789, 0.5041465997925527, 0.48118089731551555, 0.49156257793681635, 0.4820186865960446, 0.4812689246080825, 0.46392127564124536, 0.45095813656386663, 0.4360248198174236, 0.42118747664104034, 0.4092721933073019, 0.39384458799625177, 0.3803016213390531, 0.3482826461148213, 0.33241788928699767, 0.3307528280300394, 0.3266022152199367, 0.4546438740910336, 0.4589465227031407, 0.4486708049810325, 0.4342308927629561, 0.4437287452901452, 0.43350456387272335, 0.431376103717963, 0.4353705378328781, 0.4293624967877826, 0.4207052172958509, 0.46787572850481485, 0.4756344401341834, 0.48787289890856467, 0.4908613532725097, 0.497207793178861, 0.4950732707144369, 0.5170443360893935, 0.5332959429088128, 0.5325823696250718, 0.5467341250281119, 0.5389041234163986, 0.5448742825499098, 0.5621644593087652, 0.5566685640914066, 0.574283983428317, 0.5694597360866969, 0.5712773766882693, 0.5700515410323057, 0.5841152488176694, 0.5705253244132749, 0.5714226933296875, 0.5750264299609257, 0.5735666335086317, 0.5727487357010579, 0.5783239244966281, 0.5765754991664975, 0.5848934449493047, 0.6018209616761664, 0.5989425155721967, 0.6044503811425299, 0.6117082137174457, 0.6131933341185647, 0.6102132656093868, 0.6256091905820619, 0.6198222619062194, 0.6227382239290207, 0.629269815960296, 0.6312464475892444, 0.6287585919174306, 0.6308278676641738, 0.6321953687002964, 0.6272258566522253, 0.6295680192120527, 0.6280605078203851, 0.6337285115005905, 0.6352394571260329, 0.6302390034430673, 0.6313893179862998, 0.6303007891745595, 0.6302856706222745, 0.6245428671307112, 0.6194696337239756, 0.6155224743090633, 0.611580994992336, 0.6144738566094778, 0.6077502708262309, 0.6109869563927345, 0.6122321451581254, 0.612213849159269, 0.6076603712542405, 0.6046505793630192, 0.5952541624989299, 0.5978549313926854, 0.5975110167730286, 0.5900080949800774, 0.5852744973478219, 0.5844942769805294, 0.5880850566083307, 0.5845350061893118, 0.5606599854494254, 0.5558236531793477, 0.5466473323569792, 0.541592187889825, 0.5317803654179497, 0.5268579859913027, 0.5211110859282867, 0.5060381148127314, 0.504787373969934, 0.4953041736093326, 0.48688545237389597, 0.4645964829089502
